Individual.ID	295	317	338	389	438	456	462	476	495	4x0025	4x0043	4X0095	4X0212	4X0267	4X0333	4X0339	4X0354	4X0357	4x0430	4x0519	4X0550	4x373	4x523	503	522	529	537	549	554	554_2	558	570	623	676	724	88A020	95A014	Little_R	MD_And
SX	0	0	1	0	1	1	1	1	0	1	1	1	1	1	1	0	0	1	1	0	0	1	0	0	1	0	0	0	1	1	1	1	0	1	1	1	0	1	0
GenotypePC1	-0.0820238	-0.1089350	-0.1081330	-0.1102000	-0.1081380	-0.1080520	 0.0695930	-0.1083940	 0.0134977	-0.1083570	-0.1082050	-0.1084060	-0.1085270	-0.1087600	-0.1094540	-0.1097890	 0.1402780	-0.1091030	-0.0422739	-0.0692072	-0.1082110	-0.1092820	-0.0548499	-0.1107450	-0.1084790	-0.0746085	-0.1076630	-0.1086080	-0.0522910	-0.1083710	-0.1090320	-0.0945861	-0.1098180	-0.1052010	-0.0377908	-0.1083410	-0.1083190	-0.1082860	-0.1085290
GenotypePC2	 0.0482288	-0.0190364	-0.0180125	-0.0206677	-0.0178263	-0.0178848	 0.1019900	-0.0183896	-0.0313492	-0.0181850	-0.0182180	-0.0185138	-0.0186687	-0.0186479	-0.0193818	-0.0196533	-0.0832036	-0.0191659	-0.0288980	-0.0264544	-0.0187449	-0.0190010	-0.0254772	-0.0215897	-0.0180570	 0.0431186	-0.0182896	-0.0185367	 0.0408109	-0.0184041	-0.0192767	-0.0228424	-0.0207351	-0.0222822	-0.0299098	-0.0180063	-0.0184712	-0.0183152	-0.0190248
GenotypePC3	 0.01522970	 0.00512649	 0.00481979	 0.00322024	 0.00449153	 0.00442654	-0.09208660	 0.00468232	-0.11725200	 0.00443989	 0.00448049	 0.00332110	 0.00483413	 0.00436499	 0.00519601	 0.00564477	 0.02345060	 0.00492769	-0.04664970	-0.03870470	 0.00396222	 0.00493342	-0.03653490	 0.00248642	 0.00565794	 0.00831280	 0.00534884	 0.00473849	-0.01401290	 0.00472104	 0.00461525	-0.01393750	 0.00414869	-0.00447107	-0.07835320	 0.00458555	 0.00459778	 0.00488464	 0.00364168
PC1	  -5.656542	 -59.697273	 -64.174859	  -5.500104	  38.833170	  -2.045121	 -20.155064	  -3.111432	  84.764301	-106.917689	 -25.158842	 -27.749854	 -29.546337	 -66.299035	 -79.437739	 211.922564	 128.874054	  22.073813	 -79.249741	-118.742901	 -41.455545	  -2.567292	 -73.701730	  16.905286	  -6.239948	  92.958828	 219.806339	 -14.722568	 -73.101330	 -40.635113	 174.259817	-101.529649	 -14.789674	 -41.235022	 -51.863258	  -9.977739	 -35.891688	 219.114326	  -8.359411
PC2	 35.49573616	 -0.09661181	  7.35922723	 35.80026402	 81.54867016	 62.81697542	 21.29631634	 63.54581437	-57.66643493	-67.14859239	 -4.95915467	  3.68220646	 10.60422947	-13.40947714	-74.86677519	 80.56322407	-47.40753659	 -7.22004468	-10.04889079	-42.97978892	 24.52154679	 -4.31250796	-48.65141550	 77.57266412	 52.02907530	-57.89045035	-50.42736446	 -6.66652750	-20.18692684	-22.41576399	-34.01803461	-59.91481667	 41.11162867	-29.17473205	  2.84214968	 66.66365078	 21.76921009	-70.68578659	 40.92504451
PC3	 -1.465643	-18.083454	-13.843774	  1.312175	-10.723602	-13.953223	-35.251482	  1.244414	 -9.500802	-15.261425	-21.567472	  7.786176	 -3.103429	 26.627633	 33.782348	 63.281546	 61.511984	 64.943215	 -9.898143	-17.887929	  1.438863	 -7.203105	-17.596275	 -6.492092	-13.099269	  4.365713	-17.971949	-17.336631	 43.136248	 43.483873	 16.727961	-18.835919	-22.457207	 61.799413	  7.064518	-21.165731	-23.174097	-96.395431	 -6.237994
PC4	  26.1350692	  -6.1181284	  -6.7103161	   4.9480561	   9.0099580	   0.5983729	 -29.1369193	  -5.6472591	  26.5063389	 -23.0163622	 -31.5693534	  10.1729055	 -16.5364364	  24.1069218	  23.2319704	  23.6604967	-105.1316111	   4.8771528	  -7.5094617	 -10.8493986	 -25.4986901	  13.2302517	  -6.6216300	  21.9644263	   0.3575161	  31.4258039	 -11.6240976	  10.2981559	  18.0756153	   6.4164029	  -4.3088875	  20.0079198	  14.9774358	  38.3840577	  -3.4383831	  -9.6139170	 -16.8445390	  25.6339847	 -33.8434216
PC5	 -3.348527	 -6.950426	  9.640005	 -1.353616	-11.671436	  6.828264	 12.120499	 12.394642	  4.866628	-20.569112	-20.868381	 26.125884	 -2.396897	 -2.764306	 20.381293	-18.154458	 22.928405	 11.730122	-23.497214	-12.728930	 16.443425	-43.741961	-25.029444	 22.161197	-19.625294	-56.258037	-19.880979	-46.706065	 46.861149	 17.658865	-10.367552	 23.788942	  8.960490	 -4.740849	 25.895656	 27.390730	 -8.104693	 62.704513	-20.122530
PC6	 11.956764	 18.027391	-30.142130	  4.182135	 -7.210655	-13.888777	-20.965643	 18.833044	-30.399482	-13.594729	 -4.744097	 10.731991	 12.612205	  6.477512	 22.798363	-15.288027	 12.547108	  3.252495	-13.382652	 16.720673	 25.059688	 56.863299	-13.055491	  7.760208	 -9.009248	 50.130750	-39.512497	-19.303096	  5.573958	 20.199709	-20.665436	-43.285739	-14.647310	-32.005490	-16.170616	  3.353511	  3.044616	 34.656532	 12.489165
PC7	-18.74911337	-40.45011879	  8.21505008	  0.01782876	  4.53606566	  8.35111001	 -2.74858775	 17.27321595	 -4.27199088	 44.77810097	 14.68690758	 -6.84371143	 -2.80131265	-27.92670219	 -9.04977491	 24.55988187	 -4.96370396	 -1.75415499	-11.31513618	-36.72120008	 18.36711767	 33.73103507	 -1.81587263	 -9.34397546	 -7.25407541	 28.89927441	-24.34153842	-34.24583927	 -2.53655296	-22.97256725	-10.85215634	 54.91158515	-22.33723337	  9.00280022	 16.74834009	 13.99639822	-12.97277110	  3.55205282	 14.64132485
PC8	  3.65102942	 -9.04212669	-31.20744437	  5.63309025	-16.84938921	 -6.28974089	-56.08162262	 -0.04022325	 17.98271405	 38.11831899	 16.19584842	 11.29527529	 17.73022432	  6.63548215	 12.90247535	 21.41804089	-20.71832869	  4.70465405	 19.54290045	 -3.50213815	  2.93814790	 -6.79980575	 30.83154497	  7.75346193	  7.71116122	-44.68324232	  3.34926642	-16.58915525	  3.00682520	-21.79562702	  5.40857815	-35.07868407	 -9.26595645	-15.51642939	 20.67225289	  1.19629141	  6.96758411	 11.11359746	 16.70114882
PC9	-19.6531766	-18.3254591	 52.8788392	  9.9633161	  7.3655835	  9.3551296	-34.5246609	  3.3874635	  7.6792428	-24.4741171	 18.8750241	 15.5007424	  2.5602753	  4.6766984	 -5.6686507	-30.6031148	 10.2042171	-13.3254649	 12.6824260	-10.4263434	 -6.0662704	 -3.7889509	  4.5107733	-13.2923809	  2.6005612	 26.4528698	  0.1152327	 -6.5665861	  2.6361045	-16.1306856	-10.1733721	-41.6765625	 17.3587415	 25.6369851	 28.2360546	  8.5779956	-21.7564761	  4.5348094	  0.6631868
