0	0
1	0
2	2
3	1
4	1
5	1
6	1
7	1
8	1
9	1
10	2
11	1
12	2
13	1
14	2
15	1
16	2
17	2
18	2
19	2
20	1
21	2
22	1
23	2
24	0
25	1
26	2
27	2
28	2
29	1
30	2
31	1
32	1
33	2
34	1
35	1
36	1
37	1
38	2
39	1
40	1
41	2
42	1
43	1
44	2
45	2
46	2
47	2
48	2
49	2
50	2
51	1
52	1
53	2
54	1
55	1
56	2
57	2
58	2
59	1
60	2
61	2
62	2
63	1
64	1
65	2
66	2
67	1
68	2
69	1
70	1
71	0
72	2
73	2
74	2
75	2
76	2
77	2
78	1
79	1
80	2
81	1
82	2
83	2
84	1
85	1
86	1
87	1
88	0
89	1
90	0
91	2
92	1
93	1
94	2
95	2
96	1
97	2
98	1
99	2
100	2
101	2
102	1
103	0
104	2
105	1
106	0
107	2
108	1
109	1
110	2
111	1
112	1
113	1
114	2
115	0
116	1
117	2
118	2
119	1
120	2
121	1
122	1
123	2
124	2
125	1
126	2
127	1
128	1
129	1
130	2
131	1
132	2
133	2
134	1
135	1
136	1
137	2
138	1
139	0
140	2
141	2
142	2
143	1
144	0
145	2
146	1
147	2
148	1
149	2
150	0
151	1
152	1
153	0
154	1
155	1
156	1
157	1
158	2
159	1
160	1
161	0
162	0
163	2
164	1
165	2
166	1
167	2
168	1
169	2
170	1
171	2
172	2
173	1
174	2
175	2
176	1
177	1
178	2
179	1
180	1
181	2
182	1
183	1
184	1
185	2
186	1
187	1
188	2
189	1
190	1
191	2
192	2
193	0
194	1
195	2
196	1
197	1
198	2
199	2
200	1
201	1
202	1
203	1
204	1
205	0
206	1
207	2
208	2
209	2
210	0
211	1
212	2
213	0
214	1
215	2
216	1
217	1
218	1
219	2
220	2
221	1
222	0
223	2
224	2
225	1
226	2
227	1
228	2
229	2
230	2
231	2
232	0
233	1
234	2
235	2
236	1
237	1
238	0
239	2
240	2
241	0
242	1
243	1
244	1
245	2
246	1
247	2
248	1
249	2
250	2
251	2
252	2
253	2
254	1
255	2
256	1
257	2
258	1
259	1
260	0
261	2
262	2
263	1
264	2
265	1
266	0
267	2
268	1
269	1
270	1
271	1
272	1
273	1
274	2
275	2
276	1
277	1
278	2
279	2
280	0
281	1
282	1
283	2
284	1
285	0
286	2
287	1
288	2
289	2
290	2
291	1
292	2
293	2
294	2
295	1
296	2
297	2
298	2
299	1
300	2
301	2
302	2
303	1
304	0
305	1
306	1
307	1
308	1
309	2
310	2
311	1
312	1
313	2
314	1
315	1
316	0
317	2
318	1
319	2
320	1
321	2
322	1
323	1
324	2
325	1
326	2
327	2
328	2
329	2
330	1
331	1
332	1
333	0
334	1
335	0
336	2
337	1
338	1
339	1
340	1
341	1
342	2
343	2
344	2
345	1
346	1
347	0
348	1
349	2
350	1
351	2
352	2
353	0
354	2
355	2
356	1
357	2
358	2
359	2
360	0
361	0
362	1
363	2
364	2
365	2
366	2
367	2
368	2
369	1
370	1
371	1
372	2
373	2
374	1
375	0
376	2
377	2
378	2
379	2
380	2
381	0
382	2
383	1
384	2
385	2
