ID.13.16889165.C.G	ENSPTRG00000005764	-0.55120724590928	-3.1440141175197	0.0042609422267205	0.695927986032993	0.695329133710769
ID.13.16889244.C.T	ENSPTRG00000005764	-0.55120724590928	-3.1440141175197	0.0042609422267205	0.695927986032993	0.695329133710769
ID.11.135136848.C.T	ENSPTRG00000004495	-0.416741468062133	-3.0835186748563	0.00493597053501381	0.71842090952206	0.717802701835868
ID.1.71701482.C.A	ENSPTRG00000000857	0.723396016866502	3.07466796460686	0.00504294885356561	0.721768323253063	0.7211472350871
ID.16.1004696.A.G	ENSPTRG00000007570	0.632153799734472	3.00135008020005	0.00601862358443178	0.743553306854501	0.742913472513242
ID.4.46772751.C.T	ENSPTRG00000016236	0.656770243867176	2.72137857208375	0.011665525255866	0.822553327683879	0.821845513110644
ID.16.72277068.C.T	ENSPTRG00000008385	0.529604758553834	2.66756972733225	0.0132115830892394	0.836978539843766	0.836258312245083
ID.16.72275267.C.T	ENSPTRG00000008385	0.517916479016066	2.63813703523222	0.0141365554345378	0.84352635117516	0.842800489125642
ID.16.1006365.G.A	ENSPTRG00000007570	0.486711786234635	2.51288688678974	0.0187909196933982	0.865841573314071	0.865096508814203
ID.19.15331792.G.A	ENSPTRG00000010591	0.583459297121586	2.36478126823441	0.0261131149970631	0.888885217678819	0.888120323914692
ID.10.45777600.C.T	ENSPTRG00000053234	-0.962070897305314	-2.32181004088099	0.0286827606051752	0.894871529005504	0.894101483966372
ID.10.45778291.C.T	ENSPTRG00000053234	-0.962070897305314	-2.32181004088099	0.0286827606051752	0.894871529005504	0.894101483966372
ID.8.121371815.A.G	ENSPTRG00000020529	0.586681542501811	2.29487038147561	0.0304094121051583	0.897683054822022	0.896910590439514
ID.8.121372493.T.C	ENSPTRG00000020529	0.586681542501811	2.29487038147561	0.0304094121051583	0.897683054822022	0.896910590439514
ID.5.146132378.T.C	ENSPTRG00000017373	-0.272904535378511	-2.2815594367192	0.0312970483832267	0.899542068981134	0.898768004900138
ID.11.71114708.C.T	ENSPTRG00000004013	-0.648018517693753	-2.27517424557824	0.0317311541585002	0.899542068981134	0.898768004900138
ID.11.6344476.G.A	ENSPTRG00000003290	0.581782338468041	2.17237305282559	0.0395145622171197	0.916214133725199	0.915425723181798
ID.5.146133375.G.A	ENSPTRG00000017369	0.416687035980225	2.13245562087937	0.0429739940987139	0.921937436477693	0.921144100980543
ID.16.72275267.C.T	ENSPTRG00000008383	0.305382297667241	2.09761807658838	0.0462124608404246	0.927162446923435	0.92636461525757
ID.20.64798320.C.T	ENSPTRG00000013721	0.441815648087651	2.0840960629204	0.0475270624434412	0.929511050004197	0.928711197344153
ID.16.1006365.G.A	ENSPTRG00000007560	0.367321125203584	2.0560276707558	0.0503627413326118	0.932672943452871	0.931870369954934
ID.5.146132378.T.C	ENSPTRG00000017368	-0.727749765865383	-2.00864063199572	0.055492362595869	0.937726480085882	0.936919557973996
ID.22.31572805.A.G	ENSPTRG00000014488	0.473682734665121	1.94595231385364	0.0629846824837087	0.94553592105346	0.944722278847034
ID.11.135136443.T.C	ENSPTRG00000004495	0.335609575786544	1.91494550303038	0.0670082889329429	0.949432335585273	0.948615340478925
ID.19.9019925.C.T	ENSPTRG00000010429	0.38548568090226	1.91254928499866	0.0673283818376934	0.949749653309781	0.948932385148662
ID.16.72277068.C.T	ENSPTRG00000008383	0.284420524751681	1.901217034444	0.0688603129891233	0.951688718259814	0.95086978151578
ID.9.99980814.C.T	ENSPTRG00000021318	0.465168863355006	1.89675276879314	0.0694720970327868	0.952424169537277	0.95160459993077
ID.7.47181672.C.T	ENSPTRG00000019172	-0.946074268165769	-1.89361193915241	0.0699053487238558	0.952689802229493	0.951870004043654
ID.1.216750207.A.G	ENSPTRG00000002149	0.189531219997374	1.83995199471108	0.0776785125578315	0.95704844845446	0.956224899614149
ID.7.122240509.A.G	ENSPTRG00000019620	-0.564017039475666	-1.8357764953898	0.0783135729339376	0.957770267494133	0.956946097522014
ID.7.122243643.T.C	ENSPTRG00000019620	-0.564017039475666	-1.8357764953898	0.0783135729339376	0.957770267494133	0.956946097522014
ID.16.1006365.G.A	ENSPTRG00000043779	0.362260314464395	1.8115125798542	0.0820932724846337	0.959071988686437	0.958246698571466
ID.20.55679415.C.T	ENSPTRG00000013636	-0.3924688918558	-1.78763647613726	0.0859646723952319	0.961310020510309	0.960482804548724
ID.20.55679822.C.T	ENSPTRG00000013636	-0.3924688918558	-1.78763647613726	0.0859646723952319	0.961310020510309	0.960482804548724
ID.19.15333284.C.T	ENSPTRG00000010596	0.279003613812922	1.78260719793831	0.0867998098189077	0.961726388268829	0.960898814019024
ID.15.81558683.A.G	ENSPTRG00000045103	0.413734676229962	1.76281576393606	0.0901540456873201	0.963530942111314	0.962701815026617
ID.9.74507314.A.G	ENSPTRG00000023307	-0.587289574942147	-1.74418813808953	0.0934114929952858	0.964912435377449	0.96408211950531
ID.1.157823276.G.A	ENSPTRG00000001727	-0.377956027697819	-1.72197331322369	0.0974266628705082	0.966695408356405	0.965863558219903
ID.1.157827056.A.G	ENSPTRG00000001727	-0.377956027697819	-1.72197331322369	0.0974266628705082	0.966695408356405	0.965863558219903
ID.12.136431003.G.A	ENSPTRG00000005657	0.283839969038904	1.71851626736073	0.098064476481361	0.966969185722511	0.96613709999811
ID.16.1004696.A.G	ENSPTRG00000043779	0.386456266634554	1.69268063544522	0.10294391791641	0.969626286013138	0.96879191382992
ID.16.1006365.G.A	ENSPTRG00000007569	0.272331403349359	1.6795495573815	0.105501437978663	0.970884453574054	0.970048998726278
ID.19.15331792.G.A	ENSPTRG00000010589	-0.427627901230051	-1.66087286144962	0.109231002881105	0.972266698141357	0.971430053859637
ID.17.13890611.T.C	ENSPTRG00000009253	0.505617034041258	1.65657976413601	0.110103756193374	0.972720464764839	0.971883430012838
ID.20.5220584.T.C	ENSPTRG00000013228	-0.39820322999547	-1.65558004096794	0.110307828916209	0.972720464764839	0.971883430012838
ID.2A.10382216.T.C	ENSPTRG00000030565	0.449154321474636	1.62790914922051	0.11608319949054	0.974037894439103	0.97319972602696
ID.12.136431003.G.A	ENSPTRG00000005650	-0.344457520784948	-1.61821793709685	0.118164629754776	0.975130424971701	0.974291316427159
ID.13.14462339.T.C	ENSPTRG00000005751	0.291892058083253	1.61114216628189	0.119703863407919	0.976038428165885	0.975198538276388
ID.5.146133375.G.A	ENSPTRG00000017373	0.186696078101811	1.60923744102517	0.120121043855473	0.976351530342473	0.975511371025723
ID.11.135136848.C.T	ENSPTRG00000004493	-0.208380908805153	-1.60243016907324	0.12162187915298	0.976404131598067	0.975563927017461
ID.19.50245707.T.C	ENSPTRG00000023499	-0.179086681224001	-1.57165325824719	0.128602684882188	0.979091591105147	0.978249073941344
ID.9.99981612.T.C	ENSPTRG00000021318	0.33756123487934	1.57099889345526	0.128754623365997	0.979133189965091	0.978290637005093
ID.20.64798320.C.T	ENSPTRG00000013715	-0.370707334021847	-1.56974433908306	0.129046334990001	0.9792581444824	0.97841548399791
ID.7.47183275.G.A	ENSPTRG00000019172	-0.774831964734656	-1.56961114026879	0.129077338613253	0.9792581444824	0.97841548399791
ID.7.47184105.T.C	ENSPTRG00000019172	-0.774831964734656	-1.56961114026879	0.129077338613253	0.9792581444824	0.97841548399791
ID.17.13890611.T.C	ENSPTRG00000009254	0.469913411832813	1.56533557798624	0.130075791582612	0.979369323405542	0.978526567250584
ID.2B.127745203.C.T	ENSPTRG00000013070	0.383892783313306	1.55702024148669	0.132035840840228	0.979503702193149	0.97866083040403
ID.20.5220584.T.C	ENSPTRG00000013223	0.193100923799843	1.552325483487	0.133153145081095	0.9797181023742	0.978875046091787
ID.17.13891884.A.G	ENSPTRG00000009248	0.524775572803039	1.54011816631282	0.136094724600229	0.9801746367787	0.979331187644306
ID.6.171874319.C.T	ENSPTRG00000033965	0.266163489137067	1.53876606738738	0.136423787458583	0.980290594799764	0.979447045882444
ID.17.13890611.T.C	ENSPTRG00000009247	0.597144763626203	1.53468030655743	0.137422106271939	0.980823170688061	0.979979163484376
ID.20.5219550.C.T	ENSPTRG00000013228	0.401549642879138	1.531318146516	0.138248094503655	0.980884746379242	0.980040686189118
ID.10.11927102.T.C	ENSPTRG00000002289	-0.363232896582022	-1.52258443388815	0.140412693524067	0.981449343265	0.980604797234153
ID.10.11927233.A.G	ENSPTRG00000002289	-0.363232896582022	-1.52258443388815	0.140412693524067	0.981449343265	0.980604797234153
ID.8.72844087.C.T	ENSPTRG00000020339	-0.420621358383422	-1.52119217143136	0.140760299654399	0.981560578151523	0.980715936402051
ID.6.1352322.T.C	ENSPTRG00000051406	-0.586736820619151	-1.51877637039269	0.141365117752052	0.981671358204555	0.980826621127846
ID.15.73455925.A.G	ENSPTRG00000042874	-0.407823576714522	-1.48859373909232	0.149101516748291	0.982892367395287	0.982046579629133
ID.5.146133375.G.A	ENSPTRG00000017368	0.514922380954277	1.48402324086419	0.150302385128163	0.983344344106293	0.982498167410094
ID.10.11927102.T.C	ENSPTRG00000002286	0.231612908855783	1.44676273974468	0.160386412599219	0.98549486970627	0.984646842463354
ID.10.11927233.A.G	ENSPTRG00000002286	0.231612908855783	1.44676273974468	0.160386412599219	0.98549486970627	0.984646842463354
ID.1.216750981.TGAT.CGAC	ENSPTRG00000002149	0.137316629015753	1.44440988746983	0.161040980178448	0.985713740702895	0.984865525119508
ID.19.50244764.G.A	ENSPTRG00000023499	0.173667417704125	1.43683469132675	0.163162961219495	0.985954210140575	0.985105787631063
ID.5.39988512.T.C	ENSPTRG00000016999	0.37386362987609	1.4289880737368	0.165384492359742	0.985954210140575	0.985105787631063
ID.19.15331792.G.A	ENSPTRG00000010595	0.411762304751065	1.41530332784115	0.169316616307966	0.986695801366511	0.985846740711046
ID.11.6344476.G.A	ENSPTRG00000003292	-0.335360080238995	-1.41412846835015	0.169657635060662	0.986743472660297	0.985894370983253
ID.3.147413907.C.T	ENSPTRG00000015491	-0.389038233197633	-1.40274384625071	0.172990528951152	0.987131014919983	0.986281579759322
ID.3.147416902.C.T	ENSPTRG00000015491	-0.389038233197633	-1.40274384625071	0.172990528951152	0.987131014919983	0.986281579759322
ID.6.90015029.G.T	ENSPTRG00000018398	0.497658281131182	1.39636839804715	0.174879527117808	0.987147264144538	0.986297815001273
ID.20.16645668.C.T	ENSPTRG00000013269	0.267332404006595	1.38199427717129	0.179198370445179	0.987551090394527	0.986701293755123
ID.4.46771316.AGCG.GGCA	ENSPTRG00000016236	0.323695329749378	1.38121924460105	0.179433606688561	0.987602889686899	0.986753048473736
ID.2B.127745203.C.T	ENSPTRG00000013071	0.464850394165736	1.38115554752309	0.179452950715122	0.987603687547645	0.986753845647916
ID.6.1352322.T.C	ENSPTRG00000017662	-0.313209741651851	-1.37679121283975	0.180782266374876	0.987940778607003	0.987090646637371
ID.4.46772751.C.T	ENSPTRG00000023645	-0.202310094896972	-1.3629284867433	0.185056139468666	0.988914971811858	0.988064001540167
ID.2B.131342774.G.A	ENSPTRG00000013099	-0.119933730887616	-1.35350427390962	0.188006620416875	0.989104372527558	0.988253239274839
ID.19.15333284.C.T	ENSPTRG00000010589	0.214415000575091	1.34861277814009	0.189552474016986	0.989222733501182	0.988371498397776
ID.20.64798320.C.T	ENSPTRG00000013719	0.240525500732221	1.34214695163379	0.191611086540687	0.989430818396481	0.988579404234141
ID.4.46771316.AGCG.GGCA	ENSPTRG00000016232	0.276663072242946	1.33785790395245	0.192986245341253	0.989430818396481	0.988579404234141
ID.4.46772751.C.T	ENSPTRG00000016233	-0.2478970860745	-1.33742276079061	0.19312619010794	0.989497321050291	0.988645849661816
ID.8.135861011.T.C	ENSPTRG00000020602	-0.411918668862386	-1.31641016629692	0.19997848365882	0.99065926810082	0.989806796846406
ID.11.6344476.G.A	ENSPTRG00000003285	-0.268321409072347	-1.31381327046177	0.200838265323814	0.990904182207117	0.990051500201901
ID.2B.131341009.G.A	ENSPTRG00000013099	-0.118467542707434	-1.30648172528122	0.203281038833621	0.991319188441373	0.990466149319541
ID.2B.131342229.C.T	ENSPTRG00000013099	-0.118467542707434	-1.30648172528122	0.203281038833621	0.991319188441373	0.990466149319541
ID.8.121371815.A.G	ENSPTRG00000043985	0.372944749849681	1.30337858217332	0.204321852185901	0.991637901543528	0.990784588166192
ID.8.121372493.T.C	ENSPTRG00000043985	0.372944749849681	1.30337858217332	0.204321852185901	0.991637901543528	0.990784588166192
ID.17.13891884.A.G	ENSPTRG00000009247	0.473811275096656	1.29534981229523	0.20703383180507	0.992149513188541	0.991295759564759
ID.13.14461345.A.G	ENSPTRG00000005747	-0.152783281211273	-1.29447931784834	0.207329527556159	0.992156965893233	0.991303205856332
ID.1.157823276.G.A	ENSPTRG00000001728	-0.302752719578676	-1.29113708408453	0.20846786161656	0.992171313395404	0.991317541012348
ID.1.157827056.A.G	ENSPTRG00000001728	-0.302752719578676	-1.29113708408453	0.20846786161656	0.992171313395404	0.991317541012348
ID.10.124513512.A.G	ENSPTRG00000003011	-0.235200267785981	-1.28791348979749	0.209570334978283	0.992171313395404	0.991317541012348
ID.19.50245707.T.C	ENSPTRG00000011230	-0.220960250088983	-1.27436884373003	0.214251599881099	0.992970151702791	0.992115691912151
ID.8.135860825.T.C	ENSPTRG00000044747	0.217967389232332	1.25862590404789	0.219792670865144	0.993971571337753	0.993116249816465
ID.11.6344476.G.A	ENSPTRG00000003300	-0.369014847467625	-1.25733613585371	0.22025142598505	0.993971571337753	0.993116249816465
ID.7.112692991.C.T	ENSPTRG00000019593	-0.276013365615426	-1.24796025374325	0.223608235774386	0.994035921123576	0.993180544228715
ID.10.46598608.T.C	ENSPTRG00000002452	-0.225624401543004	-1.24422307633246	0.224957011857249	0.994035921123576	0.993180544228715
ID.4.17811037.A.G	ENSPTRG00000015940	0.262978672675802	1.23783216425128	0.227277812977775	0.994035921123576	0.993180544228715
ID.4.17812457.TG.CA	ENSPTRG00000015940	0.262978672675802	1.23783216425128	0.227277812977775	0.994035921123576	0.993180544228715
ID.4.17814733.TG.CA	ENSPTRG00000015940	0.262978672675802	1.23783216425128	0.227277812977775	0.994035921123576	0.993180544228715
ID.7.85208799.T.C	ENSPTRG00000019350	-0.227172541846778	-1.23352263753144	0.22885297035491	0.994035921123576	0.993180544228715
ID.19.15333284.C.T	ENSPTRG00000010591	-0.197317878310056	-1.2264180125011	0.231467728883449	0.994035921123576	0.993180544228715
ID.19.15333284.C.T	ENSPTRG00000010594	-0.240763175773124	-1.22439451265639	0.232216553311073	0.994035921123576	0.993180544228715
ID.16.72277068.C.T	ENSPTRG00000008391	0.170682856721209	1.21373132416323	0.236192763814046	0.994600378876323	0.993744516260465
ID.11.71112747.C.T	ENSPTRG00000004013	-0.337773048527074	-1.20854616746731	0.238144628468094	0.994600378876323	0.993744516260465
ID.20.64798320.C.T	ENSPTRG00000013711	-0.332447056358763	-1.20808003113601	0.23832068779581	0.994600378876323	0.993744516260465
ID.19.50244764.G.A	ENSPTRG00000011223	0.263947604808818	1.19223166782657	0.244364715085692	0.994970727164559	0.994114545860652
ID.12.77859237.T.C	ENSPTRG00000005238	0.343800348613272	1.19148684918015	0.244651548289066	0.994980470457034	0.994124280768935
ID.2B.15181720.G.A	ENSPTRG00000016917	0.194462175388018	1.18131165459388	0.248595195291338	0.995302755222599	0.994446288205546
ID.11.6344476.G.A	ENSPTRG00000003298	0.258828771425791	1.17919781607331	0.249420351392125	0.995420538790569	0.994563970419691
ID.5.146132378.T.C	ENSPTRG00000017369	-0.260016116167906	-1.16500240285734	0.25501430507637	0.995759531456713	0.994902671379582
ID.11.20424870.G.A	ENSPTRG00000003439	-0.453208722929383	-1.16326590684766	0.255704907825175	0.995759531456713	0.994902671379582
ID.13.16889165.C.G	ENSPTRG00000005766	-0.363749312322301	-1.16178845738105	0.256293572729101	0.995759531456713	0.994902671379582
ID.13.16889244.C.T	ENSPTRG00000005766	-0.363749312322301	-1.16178845738105	0.256293572729101	0.995759531456713	0.994902671379582
ID.16.1004696.A.G	ENSPTRG00000007569	0.215792262995698	1.14190786152815	0.264311932651642	0.995759531456713	0.994902671379582
ID.11.6344476.G.A	ENSPTRG00000003288	-0.32202647168451	-1.14109166748203	0.264645004898997	0.995759531456713	0.994902671379582
ID.20.64798320.C.T	ENSPTRG00000013720	-0.246357244061738	-1.14101791190938	0.264675118166009	0.995759531456713	0.994902671379582
ID.19.50245707.T.C	ENSPTRG00000011223	-0.240013407126004	-1.13874425681274	0.265604645884957	0.995759531456713	0.994902671379582
ID.16.1004696.A.G	ENSPTRG00000007560	0.241610933593392	1.13161300381838	0.268535546247579	0.995759531456713	0.994902671379582
ID.19.15331792.G.A	ENSPTRG00000010593	0.334813883646437	1.13136030201482	0.268639835784671	0.995759531456713	0.994902671379582
ID.8.135861011.T.C	ENSPTRG00000044747	0.194152528719519	1.11755320663457	0.274382903853939	0.996432605220239	0.995575165957051
ID.11.20424870.G.A	ENSPTRG00000003438	-0.447593396514331	-1.11524839090551	0.27535019799842	0.996443052331513	0.995585604078491
ID.13.14462339.T.C	ENSPTRG00000005750	0.171594111086627	1.1062782308336	0.279138324213351	0.99660656002294	0.995748971070072
ID.11.20426304.C.T	ENSPTRG00000003438	-0.430063950723661	-1.10441529142134	0.279929743200766	0.99660656002294	0.995748971070072
ID.2B.112164571.G.A	ENSPTRG00000012967	0.31414348493307	1.09594158455882	0.28354997483837	0.99660656002294	0.995748971070072
ID.3.25903158.C.T	ENSPTRG00000014698	0.202117734571562	1.09249066994321	0.285033912983396	0.996643792046499	0.995786171055138
ID.7.159375171.G.A	ENSPTRG00000019905	0.313893332745888	1.07771419893325	0.291450961303508	0.997442168931439	0.996583860929552
ID.19.15333284.C.T	ENSPTRG00000010590	0.240773166378061	1.07124910291825	0.294290761082584	0.997442168931439	0.996583860929552
ID.1.151010613.G.A	ENSPTRG00000001685	0.359028278851733	1.06658824327082	0.296350220148153	0.997442168931439	0.996583860929552
ID.15.73455925.A.G	ENSPTRG00000049717	0.352268460321076	1.06599647818322	0.296612429141988	0.997442168931439	0.996583860929552
ID.13.14461345.A.G	ENSPTRG00000005750	-0.134938212075197	-1.06235336749218	0.29823030498787	0.997442168931439	0.996583860929552
ID.9.74507314.A.G	ENSPTRG00000002675	0.466794176528979	1.05885666778462	0.299789032364675	0.997442168931439	0.996583860929552
ID.11.20426304.C.T	ENSPTRG00000003439	-0.400450780723425	-1.05499981967406	0.301514978270582	0.997442168931439	0.996583860929552
ID.9.99980814.C.T	ENSPTRG00000021317	0.342135311467307	1.04853084549621	0.304425588973764	0.997655314642779	0.996796823227081
ID.7.44682083.AT.GC	ENSPTRG00000019156	-0.326470271630271	-1.03973069638767	0.308416760418802	0.997816989946749	0.996958359407991
ID.14.73139078.A.C	ENSPTRG00000006608	0.194066265125121	1.01407029098552	0.320263599383244	0.997816989946749	0.996958359407991
ID.4.75338855.G.A	ENSPTRG00000016069	-0.254861083639826	-1.01359090098479	0.320487888903422	0.997816989946749	0.996958359407991
ID.16.72277068.C.T	ENSPTRG00000008386	0.125594877715316	1.00699087418395	0.323586878743215	0.997816989946749	0.996958359407991
ID.9.99981612.T.C	ENSPTRG00000021319	-0.143266079556894	-1.00464412689682	0.324693752029414	0.997816989946749	0.996958359407991
ID.6.90013361.G.A	ENSPTRG00000018398	0.276835658050371	0.994853724087861	0.32933970257193	0.997816989946749	0.996958359407991
ID.19.9018705.T.C	ENSPTRG00000010429	-0.243762507792635	-0.99332492691437	0.330069285566752	0.997816989946749	0.996958359407991
ID.9.74507314.A.G	ENSPTRG00000021157	-0.483945919081204	-0.992017408387583	0.330694148573028	0.997816989946749	0.996958359407991
ID.15.73455925.A.G	ENSPTRG00000007475	-0.3530882135083	-0.986640381479714	0.333272360766595	0.997816989946749	0.996958359407991
ID.11.6344476.G.A	ENSPTRG00000040525	-0.28591375525062	-0.983116103646432	0.334969652189338	0.997816989946749	0.996958359407991
ID.17.13890611.T.C	ENSPTRG00000009246	-0.183918917815953	-0.977642695150862	0.33761733879543	0.997816989946749	0.996958359407991
ID.2B.127745296.C.G	ENSPTRG00000013071	0.273571830734285	0.977164996566818	0.337849094095573	0.997816989946749	0.996958359407991
ID.19.9018705.T.C	ENSPTRG00000010425	0.295202738204712	0.967774254477364	0.342427020935541	0.997816989946749	0.996958359407991
ID.2B.15185515.A.G	ENSPTRG00000016917	-0.143958867189974	-0.967156305107392	0.342729736458279	0.997816989946749	0.996958359407991
ID.16.1006365.G.A	ENSPTRG00000044934	-0.305000481879964	-0.963033431659443	0.344754056105105	0.997816989946749	0.996958359407991
ID.17.13891884.A.G	ENSPTRG00000009254	0.274314178033177	0.956367252138851	0.348044217630318	0.997816989946749	0.996958359407991
ID.16.1004696.A.G	ENSPTRG00000007565	-0.259823525569755	-0.952303418896295	0.35006032275649	0.997816989946749	0.996958359407991
ID.8.121371815.A.G	ENSPTRG00000020528	0.236328849603223	0.949496618258254	0.351457383168419	0.997816989946749	0.996958359407991
ID.8.121372493.T.C	ENSPTRG00000020528	0.236328849603223	0.949496618258254	0.351457383168419	0.997816989946749	0.996958359407991
ID.4.147168172.ACTG.TCTA	ENSPTRG00000016472	-0.129517130095888	-0.941742117189456	0.355336569217498	0.997816989946749	0.996958359407991
ID.4.147168254.A.G	ENSPTRG00000016472	-0.129517130095888	-0.941742117189456	0.355336569217498	0.997816989946749	0.996958359407991
ID.4.147168588.A.C	ENSPTRG00000016472	-0.129517130095888	-0.941742117189456	0.355336569217498	0.997816989946749	0.996958359407991
ID.4.147171215.G.A	ENSPTRG00000016472	-0.129517130095888	-0.941742117189456	0.355336569217498	0.997816989946749	0.996958359407991
ID.4.147171492.ACA.GCT	ENSPTRG00000016472	-0.129517130095888	-0.941742117189456	0.355336569217498	0.997816989946749	0.996958359407991
ID.4.147174233.T.C	ENSPTRG00000016472	-0.129517130095888	-0.941742117189456	0.355336569217498	0.997816989946749	0.996958359407991
ID.16.72275267.C.T	ENSPTRG00000008386	0.115964540483295	0.940205378780998	0.356108712670091	0.997816989946749	0.996958359407991
ID.19.50244764.G.A	ENSPTRG00000011226	-0.160782832863787	-0.926751279797869	0.362916683577371	0.997816989946749	0.996958359407991
ID.19.50244764.G.A	ENSPTRG00000011230	0.171291631866975	0.924650423968104	0.363987502126523	0.997816989946749	0.996958359407991
ID.3.36875304.C.T	ENSPTRG00000014737	-0.262533814910474	-0.902640370909696	0.375331957931871	0.997816989946749	0.996958359407991
ID.3.36875377.A.G	ENSPTRG00000014737	-0.262533814910474	-0.902640370909696	0.375331957931871	0.997816989946749	0.996958359407991
ID.4.73515891.G.A	ENSPTRG00000016088	0.136690029866264	0.890933219859625	0.381459528019786	0.997816989946749	0.996958359407991
ID.4.73515930.C.G	ENSPTRG00000016088	0.136690029866264	0.890933219859625	0.381459528019786	0.997816989946749	0.996958359407991
ID.4.73517488.T.C	ENSPTRG00000016088	0.136690029866264	0.890933219859625	0.381459528019786	0.997816989946749	0.996958359407991
ID.4.73517684.A.G	ENSPTRG00000016088	0.136690029866264	0.890933219859625	0.381459528019786	0.997816989946749	0.996958359407991
ID.19.9019925.C.T	ENSPTRG00000010428	0.219218311815977	0.886164505434297	0.383974061805355	0.997816989946749	0.996958359407991
ID.7.112696199.C.T	ENSPTRG00000019593	-0.216169588632269	-0.885519578218971	0.384314955117536	0.997816989946749	0.996958359407991
ID.7.47183275.G.A	ENSPTRG00000019174	-0.260193535678691	-0.881565581624648	0.386409236175613	0.997816989946749	0.996958359407991
ID.7.47184105.T.C	ENSPTRG00000019174	-0.260193535678691	-0.881565581624648	0.386409236175613	0.997816989946749	0.996958359407991
ID.4.75338855.G.A	ENSPTRG00000016072	-0.133917579960703	-0.879928603528436	0.387278440292148	0.997816989946749	0.996958359407991
ID.16.1004696.A.G	ENSPTRG00000044934	-0.315220024643038	-0.87554468080124	0.389612443287252	0.997816989946749	0.996958359407991
ID.16.1006365.G.A	ENSPTRG00000045228	-0.141064074426063	-0.873486806345876	0.390711181005835	0.997816989946749	0.996958359407991
ID.4.75338855.G.A	ENSPTRG00000016070	-0.158302021072438	-0.862649126888364	0.396530520807905	0.997816989946749	0.996958359407991
ID.19.9018705.T.C	ENSPTRG00000010428	-0.24743254045901	-0.861994509334641	0.396883789901013	0.997816989946749	0.996958359407991
ID.22.34055245.C.T	ENSPTRG00000014516	0.202517516043689	0.860769489568455	0.397545421708782	0.997816989946749	0.996958359407991
ID.12.77859237.T.C	ENSPTRG00000005233	0.211062512103	0.860588328751654	0.397643326311694	0.997816989946749	0.996958359407991
ID.4.147172371.GGAAT.AGAAC	ENSPTRG00000016472	-0.112656228235688	-0.856125585040847	0.400059990235061	0.997816989946749	0.996958359407991
ID.20.5222328.G.A	ENSPTRG00000013228	0.222130768102604	0.848804870214576	0.404044540109586	0.997816989946749	0.996958359407991
ID.2A.65764599.C.T	ENSPTRG00000030469	0.147342368439937	0.82649917839579	0.416339764882095	0.997816989946749	0.996958359407991
ID.2A.65765961.TG.CA	ENSPTRG00000030469	0.144556578047515	0.824438800950406	0.417487184636173	0.997816989946749	0.996958359407991
ID.7.159373589.A.G	ENSPTRG00000054336	0.427900669263799	0.823024437055429	0.418275984173581	0.997816989946749	0.996958359407991
ID.1.151010613.G.A	ENSPTRG00000001684	0.350706707181018	0.820516707888669	0.419676847050889	0.997816989946749	0.996958359407991
ID.4.75335549.TG.CA	ENSPTRG00000016072	-0.117457798114494	-0.819000592140383	0.42052519428143	0.997816989946749	0.996958359407991
ID.4.75335549.TG.CA	ENSPTRG00000016069	-0.194730783398207	-0.817801327091757	0.421197002976096	0.997816989946749	0.996958359407991
ID.9.74507314.A.G	ENSPTRG00000021156	-0.20861938215164	-0.81494033441713	0.422802380362361	0.997816989946749	0.996958359407991
ID.18.56885606.C.T	ENSPTRG00000010060	0.111169466146069	0.801472243939864	0.430410615299153	0.997816989946749	0.996958359407991
ID.11.71114708.C.T	ENSPTRG00000004014	0.282327216345698	0.793443014342854	0.434986256791794	0.997816989946749	0.996958359407991
ID.20.5219550.C.T	ENSPTRG00000013222	-0.0928341825128944	-0.791725970651006	0.435968607402934	0.997816989946749	0.996958359407991
ID.3.25903321.A.G	ENSPTRG00000014698	0.17333397890134	0.7867795090996	0.438806139848441	0.997816989946749	0.996958359407991
ID.2A.10382216.T.C	ENSPTRG00000011649	0.198416559766798	0.785547030959851	0.439514898074876	0.997816989946749	0.996958359407991
ID.19.50245707.T.C	ENSPTRG00000011225	-0.11796859187597	-0.780502162250884	0.442423298150752	0.997816989946749	0.996958359407991
ID.20.64798320.C.T	ENSPTRG00000053534	0.164789287524896	0.777355325015302	0.444243372033953	0.997816989946749	0.996958359407991
ID.19.15331792.G.A	ENSPTRG00000010596	0.208187931725234	0.769414525504439	0.448856296694335	0.997816989946749	0.996958359407991
ID.17.13890611.T.C	ENSPTRG00000009252	0.14863643967733	0.759032419702767	0.454930719792205	0.997816989946749	0.996958359407991
ID.15.81558683.A.G	ENSPTRG00000007507	-0.17279340095844	-0.757564976208421	0.455793246740297	0.997816989946749	0.996958359407991
ID.9.74503476.T.C	ENSPTRG00000021159	0.193510045327146	0.749554256365935	0.460518926554288	0.997816989946749	0.996958359407991
ID.6.1352425.T.C	ENSPTRG00000051406	0.230814106572472	0.742135644851243	0.464921131856289	0.997816989946749	0.996958359407991
ID.11.44186506.G.A	ENSPTRG00000046726	-0.206248540299378	-0.739104074141198	0.466727190305329	0.997816989946749	0.996958359407991
ID.9.99981612.T.C	ENSPTRG00000021317	0.209033595975077	0.738090825669898	0.467331752865449	0.997816989946749	0.996958359407991
ID.19.9018705.T.C	ENSPTRG00000010422	0.129824418001353	0.736165886289097	0.468481550723142	0.997816989946749	0.996958359407991
ID.14.73137710.T.C	ENSPTRG00000006607	0.0827723116780718	0.733494954812856	0.470079690758116	0.997816989946749	0.996958359407991
ID.13.14461345.A.G	ENSPTRG00000005751	-0.112205040987341	-0.728785804997419	0.472905158916525	0.997816989946749	0.996958359407991
ID.19.15333284.C.T	ENSPTRG00000010593	0.129701406952056	0.711363538830384	0.483444224254323	0.997816989946749	0.996958359407991
ID.16.72275267.C.T	ENSPTRG00000008391	0.0994810371389628	0.70377265528441	0.488078089498594	0.997816989946749	0.996958359407991
ID.19.9019925.C.T	ENSPTRG00000010423	0.139295355052266	0.696914415753282	0.492286481838424	0.997816989946749	0.996958359407991
ID.14.61228165.A.G	ENSPTRG00000006569	0.186357984296	0.694603713833367	0.493709025607467	0.997816989946749	0.996958359407991
ID.16.1004696.A.G	ENSPTRG00000007551	0.22280044208739	0.68886241099681	0.49725364502574	0.997816989946749	0.996958359407991
ID.20.5222328.G.A	ENSPTRG00000013223	-0.0925318229082096	-0.684404941644032	0.50001552868316	0.997816989946749	0.996958359407991
ID.5.129195203.T.C	ENSPTRG00000017202	-0.1413221554672	-0.680623075450742	0.502365559617088	0.997816989946749	0.996958359407991
ID.5.129199797.T.G	ENSPTRG00000017202	-0.1413221554672	-0.680623075450742	0.502365559617088	0.997816989946749	0.996958359407991
ID.19.50244764.G.A	ENSPTRG00000011225	0.108362627176098	0.678972619722968	0.5033930832473	0.997816989946749	0.996958359407991
ID.7.85207934.G.A	ENSPTRG00000019350	-0.138459173974038	-0.678689732613483	0.503569318320417	0.997816989946749	0.996958359407991
ID.20.55679415.C.T	ENSPTRG00000013638	0.277263390287061	0.677468647570657	0.504330435198336	0.997816989946749	0.996958359407991
ID.20.55679822.C.T	ENSPTRG00000013638	0.277263390287061	0.677468647570657	0.504330435198336	0.997816989946749	0.996958359407991
ID.19.50245707.T.C	ENSPTRG00000011226	0.111833016723115	0.673343238012862	0.506906606739779	0.997816989946749	0.996958359407991
ID.12.77859237.T.C	ENSPTRG00000005237	-0.185595267782391	-0.672320251162484	0.507546559176097	0.997816989946749	0.996958359407991
ID.20.16649111.G.A	ENSPTRG00000013271	-0.130121710615772	-0.668300391677175	0.51006562570157	0.997816989946749	0.996958359407991
ID.19.9019925.C.T	ENSPTRG00000010427	0.0977198957080479	0.663393452753524	0.513149967791999	0.997816989946749	0.996958359407991
ID.16.19581413.G.A	ENSPTRG00000007839	0.117410593684165	0.649858855850821	0.521710527928806	0.997816989946749	0.996958359407991
ID.7.44682083.AT.GC	ENSPTRG00000019159	-0.228732817812426	-0.644045681217133	0.525411126591327	0.997816989946749	0.996958359407991
ID.9.74503476.T.C	ENSPTRG00000021156	-0.109101154500698	-0.634643696839132	0.531426346708261	0.997869515787925	0.997010840050205
ID.19.9019925.C.T	ENSPTRG00000010422	-0.0949598918142703	-0.622408241686195	0.539309503151919	0.997889112501722	0.997030419900853
ID.18.56885606.C.T	ENSPTRG00000010062	-0.131341356589458	-0.620217965507292	0.540727205190735	0.997889112501722	0.997030419900853
ID.9.98190912.A.G	ENSPTRG00000021302	0.185840561602513	0.618009039761646	0.542158977753597	0.997889112501722	0.997030419900853
ID.9.52963237.G.A	ENSPTRG00000021033	-0.182826774347623	-0.609826424817249	0.547480176784703	0.997925546465562	0.997066822512938
ID.9.74503476.T.C	ENSPTRG00000021132	-0.166525837889056	-0.605021469463034	0.550617592033731	0.997926712497476	0.997067987541471
ID.12.136431003.G.A	ENSPTRG00000045365	-0.155882540528696	-0.601085959713908	0.553194275917589	0.997954103592132	0.997095355065842
ID.20.5219550.C.T	ENSPTRG00000013221	0.0960509869740675	0.599834515242606	0.554014942430598	0.997954103592132	0.997095355065842
ID.11.135136848.C.T	ENSPTRG00000004496	0.149885964449992	0.59645808076033	0.556232274931537	0.997986694891781	0.997127918320383
ID.13.14462339.T.C	ENSPTRG00000005747	0.0883062258667928	0.596247812964921	0.556370511310479	0.997986694891781	0.997127918320383
ID.12.22680078.A.G	ENSPTRG00000005189	0.251054445862467	0.59227633358169	0.558984815138228	0.997986694891781	0.997127918320383
ID.2A.65765961.TG.CA	ENSPTRG00000011983	-0.0953034339736628	-0.586714730236484	0.562656456224729	0.997986694891781	0.997127918320383
ID.20.5220584.T.C	ENSPTRG00000013222	0.0629024926369537	0.577338444204706	0.568874298228531	0.997986694891781	0.997127918320383
ID.7.112696199.C.T	ENSPTRG00000019590	0.0671441736258253	0.571225379268356	0.57294682669054	0.998051545474007	0.997192713098097
ID.5.8222360.TACG.CACA	ENSPTRG00000016720	-0.11915263342835	-0.570133128456126	0.573676027946694	0.998106294062579	0.997247414575014
ID.5.8223006.C.A	ENSPTRG00000016720	-0.11915263342835	-0.570133128456126	0.573676027946694	0.998106294062579	0.997247414575014
ID.20.5219550.C.T	ENSPTRG00000013223	-0.0796830007569328	-0.568823063788885	0.57455125971087	0.998188869510095	0.997329918965612
ID.6.1352425.T.C	ENSPTRG00000017662	0.103151299897215	0.56493017355307	0.577155982031566	0.998239749561057	0.99738075523383
ID.14.73137710.T.C	ENSPTRG00000006608	-0.0677479424386198	-0.562716759625422	0.578639599073895	0.998239749561057	0.99738075523383
ID.7.49067718.A.G	ENSPTRG00000019182	-0.101544900013295	-0.562340820405717	0.578891774095214	0.998239749561057	0.99738075523383
ID.19.15331792.G.A	ENSPTRG00000010590	0.210835875966792	0.560208554652125	0.580323104908129	0.998239749561057	0.99738075523383
ID.15.81558683.A.G	ENSPTRG00000023792	-0.161917163301462	-0.559092946718471	0.581072682005452	0.998239749561057	0.99738075523383
ID.5.146132378.T.C	ENSPTRG00000017372	-0.108003198352769	-0.548588925115963	0.588153803462182	0.998239749561057	0.99738075523383
ID.9.74503476.T.C	ENSPTRG00000002675	-0.163064378015336	-0.544828415339883	0.590699143337709	0.998239749561057	0.99738075523383
ID.7.44682083.AT.GC	ENSPTRG00000019155	0.268247942478188	0.543542205644102	0.591570960346127	0.998239749561057	0.99738075523383
ID.11.132253980.C.T	ENSPTRG00000004488	-0.217825617102591	-0.541295619975523	0.59309524086876	0.998239749561057	0.99738075523383
ID.4.46771316.AGCG.GGCA	ENSPTRG00000023645	-0.072854244981433	-0.538235982879505	0.595174232187235	0.998239749561057	0.99738075523383
ID.2A.65764599.C.T	ENSPTRG00000011983	-0.0887212718670944	-0.536572659178119	0.596305922200372	0.998239749561057	0.99738075523383
ID.17.13891884.A.G	ENSPTRG00000009253	0.159248608444075	0.536566772952524	0.596309928909	0.998239749561057	0.99738075523383
ID.14.61228165.A.G	ENSPTRG00000006570	0.212338987254728	0.534541333281409	0.59768940201248	0.998239749561057	0.99738075523383
ID.16.1004696.A.G	ENSPTRG00000045228	-0.0977277066807978	-0.528958312233506	0.601499792284066	0.998239749561057	0.99738075523383
ID.8.135860825.T.C	ENSPTRG00000020602	-0.170515020636008	-0.528230772329274	0.601997190897534	0.998239749561057	0.99738075523383
ID.9.52965027.T.C	ENSPTRG00000021033	-0.140101985578538	-0.525777158595574	0.603676106528493	0.998239749561057	0.99738075523383
ID.12.136431003.G.A	ENSPTRG00000046251	0.126409986976199	0.514171438231572	0.611647554032532	0.998239749561057	0.99738075523383
ID.14.61230904.C.T	ENSPTRG00000006569	0.138261043960278	0.505884061250182	0.617369877340214	0.998239749561057	0.99738075523383
ID.16.1004696.A.G	ENSPTRG00000007552	0.122077796055967	0.498629007177134	0.622399723360768	0.998239749561057	0.99738075523383
ID.19.9018705.T.C	ENSPTRG00000010423	-0.115081084808805	-0.494249644588127	0.625444983762145	0.998239749561057	0.99738075523383
ID.5.8222843.TT.AC	ENSPTRG00000016720	-0.0898953103876014	-0.491754357648244	0.627183164043093	0.998239749561057	0.99738075523383
ID.7.112692991.C.T	ENSPTRG00000019592	-0.0843295354601599	-0.489583956173879	0.628696821782627	0.998239749561057	0.99738075523383
ID.14.61228165.A.G	ENSPTRG00000006566	-0.100040255869612	-0.488271217018582	0.629613142925774	0.998239749561057	0.99738075523383
ID.11.6344476.G.A	ENSPTRG00000003297	0.164499457178737	0.487789641750452	0.629949444989098	0.998239749561057	0.99738075523383
ID.10.124513512.A.G	ENSPTRG00000003015	-0.151703245204099	-0.486121710385062	0.63111485276818	0.998239749561057	0.99738075523383
ID.12.136431003.G.A	ENSPTRG00000045104	-0.0924315018344958	-0.478691563924946	0.636318201868585	0.998239749561057	0.99738075523383
ID.20.64798320.C.T	ENSPTRG00000023366	0.0538733662505049	0.477864337926018	0.636898696308782	0.998239749561057	0.99738075523383
ID.2A.10382216.T.C	ENSPTRG00000011645	0.139124624793822	0.476148903275828	0.638103232424031	0.998239749561057	0.99738075523383
ID.4.73517553.A.G	ENSPTRG00000016089	0.0599972251557985	0.474290935154466	0.639408996349217	0.998239749561057	0.99738075523383
ID.4.75335549.TG.CA	ENSPTRG00000016070	-0.0807492425603918	-0.463060448014749	0.647326822085028	0.998239749561057	0.99738075523383
ID.9.74503476.T.C	ENSPTRG00000021157	0.152815092151309	0.461851057993694	0.648182030905013	0.998239749561057	0.99738075523383
ID.17.13890611.T.C	ENSPTRG00000038773	0.0758873210696769	0.457172530907489	0.651495038596979	0.998239749561057	0.99738075523383
ID.12.136431003.G.A	ENSPTRG00000005659	0.0836079651217336	0.454407034238315	0.653456815452832	0.998239749561057	0.99738075523383
ID.9.74507314.A.G	ENSPTRG00000021159	0.176063427416366	0.452440374554652	0.654853465436607	0.998239749561057	0.99738075523383
ID.16.72275267.C.T	ENSPTRG00000008382	0.0693102044300306	0.451840601100391	0.655279658078954	0.998239749561057	0.99738075523383
ID.11.44186506.G.A	ENSPTRG00000003523	0.0837829479530496	0.451134988824464	0.655781211213963	0.998239749561057	0.99738075523383
ID.19.15333284.C.T	ENSPTRG00000010595	-0.0818937187398785	-0.448016217120015	0.658000021912705	0.998239749561057	0.99738075523383
ID.2B.57931928.A.G	ENSPTRG00000012602	-0.0750654703916314	-0.44737676386164	0.658455348841567	0.998239749561057	0.99738075523383
ID.9.74503476.T.C	ENSPTRG00000023307	-0.106068637289892	-0.446964007691613	0.658749325998127	0.998239749561057	0.99738075523383
ID.5.128875253.A.G	ENSPTRG00000017201	0.105565174374436	0.446484475741265	0.659090933113794	0.998239749561057	0.99738075523383
ID.18.54396480.G.A	ENSPTRG00000010042	0.110293989206905	0.439558228185674	0.664033412482719	0.998239749561057	0.99738075523383
ID.14.73139078.A.C	ENSPTRG00000006606	-0.130745042128633	-0.430607891126606	0.670443263304928	0.998267600177408	0.997408581884474
ID.2B.104374502.T.C	ENSPTRG00000012885	0.0983203499520882	0.430044177372388	0.670847830935683	0.998267600177408	0.997408581884474
ID.19.50245707.T.C	ENSPTRG00000011232	0.0488511663175655	0.427706408546355	0.672526686833245	0.998267600177408	0.997408581884474
ID.11.6344476.G.A	ENSPTRG00000044450	-0.0947906763343606	-0.426749102341169	0.673214671898348	0.998267600177408	0.997408581884474
ID.17.13891884.A.G	ENSPTRG00000009246	-0.0750332904041196	-0.423153573920094	0.675801250150789	0.998267600177408	0.997408581884474
ID.2A.10382216.T.C	ENSPTRG00000011650	-0.102714397350141	-0.408386304491237	0.686466989461436	0.998499962069618	0.997640743827175
ID.4.73517553.A.G	ENSPTRG00000016088	0.0618655735845624	0.392189198376621	0.698242014219662	0.998546902418433	0.997687643783395
ID.11.44187000.G.A	ENSPTRG00000003523	0.076651206406309	0.37751886292165	0.708974119169086	0.998618978944078	0.997759658286539
ID.16.1004696.A.G	ENSPTRG00000043562	0.130875067187039	0.376950443276408	0.709391200799181	0.99867296488352	0.997813597770592
ID.4.73515891.G.A	ENSPTRG00000016087	0.0865311105868953	0.374160472783333	0.711439697827655	0.998762198787292	0.997902754887783
ID.4.73515930.C.G	ENSPTRG00000016087	0.0865311105868953	0.374160472783333	0.711439697827655	0.998762198787292	0.997902754887783
ID.4.73517488.T.C	ENSPTRG00000016087	0.0865311105868953	0.374160472783333	0.711439697827655	0.998762198787292	0.997902754887783
ID.4.73517684.A.G	ENSPTRG00000016087	0.0865311105868953	0.374160472783333	0.711439697827655	0.998762198787292	0.997902754887783
ID.1.135881507.G.A	ENSPTRG00000001495	0.152898871751457	0.364916263906765	0.71824286481899	0.99889195644841	0.998032400891261
ID.14.61230904.C.T	ENSPTRG00000006570	0.147436637256444	0.364874725677542	0.718273488447602	0.99889195644841	0.998032400891261
ID.8.83647667.A.G	ENSPTRG00000045621	0.110787153858995	0.358187907551923	0.723209503403998	0.99889195644841	0.998032400891261
ID.20.5220584.T.C	ENSPTRG00000013221	-0.0531220495130491	-0.357441922375502	0.723760930991103	0.99889195644841	0.998032400891261
ID.19.9018705.T.C	ENSPTRG00000010424	0.105663591480954	0.355544732098551	0.72516400714006	0.99889195644841	0.998032400891261
ID.16.1006365.G.A	ENSPTRG00000007558	0.0717441630816469	0.35293770739345	0.727093641883271	0.99889195644841	0.998032400891261
ID.11.6344476.G.A	ENSPTRG00000003295	0.131608978499999	0.351414304849416	0.728222066480789	0.99889195644841	0.998032400891261
ID.7.112692991.C.T	ENSPTRG00000019589	0.131513967858761	0.350940977732534	0.72857279985048	0.99889195644841	0.998032400891261
ID.17.13890611.T.C	ENSPTRG00000009248	0.1337870131585	0.349204980898287	0.729859681683743	0.99889195644841	0.998032400891261
ID.16.1006365.G.A	ENSPTRG00000007554	0.0796226589133359	0.348068156868114	0.730702838910457	0.99889195644841	0.998032400891261
ID.11.135136443.T.C	ENSPTRG00000004496	-0.10325766560813	-0.346036503993613	0.732210530397961	0.99889195644841	0.998032400891261
ID.8.135861011.T.C	ENSPTRG00000020603	-0.0801698165553901	-0.33986701473331	0.736795617419123	0.99889195644841	0.998032400891261
ID.14.73139078.A.C	ENSPTRG00000006607	-0.0618603385335068	-0.337280156749804	0.738721111556831	0.99889195644841	0.998032400891261
ID.7.159373589.A.G	ENSPTRG00000019905	-0.0962742718489152	-0.331256921559699	0.743211150971206	0.99889195644841	0.998032400891261
ID.7.112696199.C.T	ENSPTRG00000019592	-0.0609088593724177	-0.324277449176748	0.748425624766636	0.99889195644841	0.998032400891261
ID.4.73517553.A.G	ENSPTRG00000016087	0.0761215161550122	0.323954345812599	0.748667318524443	0.998901760385575	0.998042196392049
ID.2B.131341009.G.A	ENSPTRG00000013102	-0.052925761955769	-0.321667331846849	0.750378840804731	0.998904275777155	0.998044709619112
ID.2B.131342229.C.T	ENSPTRG00000013102	-0.052925761955769	-0.321667331846849	0.750378840804731	0.998904275777155	0.998044709619112
ID.7.44682083.AT.GC	ENSPTRG00000019160	-0.158835086046171	-0.314480588302189	0.755765604121835	0.998970658673548	0.998111035392423
ID.16.8798495.C.T	ENSPTRG00000007745	-0.0641267796006978	-0.314442159338526	0.755794442396251	0.998970658673548	0.998111035392423
ID.14.61230904.C.T	ENSPTRG00000048893	0.0572515105067644	0.310625877665533	0.758660088882406	0.999056544325623	0.998196847139118
ID.14.61228165.A.G	ENSPTRG00000048893	0.0563927312823963	0.310292115012346	0.75891087932604	0.999057046106343	0.998197348488052
ID.18.54394860.A.G	ENSPTRG00000010042	0.0914619868305096	0.309972961688132	0.759150717436856	0.999059823585451	0.998200123577114
ID.4.73515891.G.A	ENSPTRG00000016089	0.0384396973917234	0.307734188035372	0.760833806229487	0.999144171191487	0.998284398601272
ID.4.73515930.C.G	ENSPTRG00000016089	0.0384396973917234	0.307734188035372	0.760833806229487	0.999144171191487	0.998284398601272
ID.4.73517488.T.C	ENSPTRG00000016089	0.0384396973917234	0.307734188035372	0.760833806229487	0.999144171191487	0.998284398601272
ID.4.73517684.A.G	ENSPTRG00000016089	0.0384396973917234	0.307734188035372	0.760833806229487	0.999144171191487	0.998284398601272
ID.2A.65765961.TG.CA	ENSPTRG00000047293	0.0455695650825073	0.306289909413146	0.761920239432419	0.999151759294551	0.998291980174705
ID.16.1006365.G.A	ENSPTRG00000007561	0.0411294031208136	0.30216964914276	0.765022362892239	0.999151759294551	0.998291980174705
ID.17.13891884.A.G	ENSPTRG00000038773	-0.0466325954369786	-0.301905124769386	0.765221659303579	0.999151759294551	0.998291980174705
ID.19.15331792.G.A	ENSPTRG00000010594	0.0993262263976814	0.298318748213618	0.767925308512293	0.999151759294551	0.998291980174705
ID.14.61230904.C.T	ENSPTRG00000006566	-0.0610192770838887	-0.292776998725154	0.772108934269836	0.999195720193986	0.998335903245389
ID.4.46771316.AGCG.GGCA	ENSPTRG00000016233	0.0493918880372381	0.291411971310151	0.773140518083655	0.999195720193986	0.998335903245389
ID.17.13891884.A.G	ENSPTRG00000009252	0.0523419495884157	0.285121577447139	0.77789978800673	0.999195720193986	0.998335903245389
ID.16.8798289.T.C	ENSPTRG00000007745	-0.0597810483888586	-0.28447971837355	0.778385915247871	0.999195720193986	0.998335903245389
ID.20.64798320.C.T	ENSPTRG00000049832	0.0473655002858161	0.280792100108821	0.781180598019484	0.999195720193986	0.998335903245389
ID.6.1352425.T.C	ENSPTRG00000017663	0.0457936809963153	0.280322507464157	0.781536697722762	0.999195720193986	0.998335903245389
ID.7.112692991.C.T	ENSPTRG00000019590	0.0301273503120068	0.277371660157546	0.783775482263622	0.999195720193986	0.998335903245389
ID.19.9019925.C.T	ENSPTRG00000010424	0.0703352144484863	0.274114397010237	0.786248948289886	0.999195720193986	0.998335903245389
ID.16.1006365.G.A	ENSPTRG00000007565	-0.0668720414818277	-0.273260237169722	0.786897951322658	0.999231887913445	0.998372039842198
ID.16.1006365.G.A	ENSPTRG00000043562	0.0829741487131323	0.270457360135543	0.789028719045392	0.99932045859134	0.998460534304224
ID.11.44187000.G.A	ENSPTRG00000003528	-0.0577675157578891	-0.270448308280714	0.789035603054972	0.999320732228905	0.998460807706321
ID.5.8222360.TACG.CACA	ENSPTRG00000016721	-0.0452300585094686	-0.269783353433344	0.789541354410379	0.99934604168525	0.99848609538365
ID.5.8223006.C.A	ENSPTRG00000016721	-0.0452300585094686	-0.269783353433344	0.789541354410379	0.99934604168525	0.99848609538365
ID.9.74507314.A.G	ENSPTRG00000021132	-0.109518619298748	-0.264286129669455	0.793726017327903	0.999377597316013	0.998517623860508
ID.11.6344476.G.A	ENSPTRG00000003299	0.0769794271249258	0.263524410204948	0.794306363082	0.999377597316013	0.998517623860508
ID.11.6344476.G.A	ENSPTRG00000003284	0.0719944530057037	0.255925026061737	0.800102814163708	0.999464376731116	0.99860432860114
ID.16.1004696.A.G	ENSPTRG00000007561	0.0394398186737916	0.255554358446395	0.80038584391118	0.999464376731116	0.99860432860114
ID.6.90013361.G.A	ENSPTRG00000018400	0.0456912985270021	0.24911923878353	0.805303892234578	0.999464376731116	0.99860432860114
ID.1.157823276.G.A	ENSPTRG00000001726	-0.0571046995095171	-0.247725000345986	0.806370526422912	0.999487560317691	0.998627492238029
ID.1.157827056.A.G	ENSPTRG00000001726	-0.0571046995095171	-0.247725000345986	0.806370526422912	0.999487560317691	0.998627492238029
ID.20.5222328.G.A	ENSPTRG00000013221	-0.0385024988983133	-0.24695433554636	0.80696027226585	0.999487560317691	0.998627492238029
ID.2A.65764599.C.T	ENSPTRG00000047293	0.0364066241438365	0.240487275356102	0.811913700825849	0.999599163764544	0.998738999649108
ID.11.71112747.C.T	ENSPTRG00000004014	0.0764715119950924	0.231244429599834	0.819007072645159	0.999599163764544	0.998738999649108
ID.11.6344476.G.A	ENSPTRG00000003291	-0.0926379875674976	-0.230053563629522	0.819922154217585	0.999599163764544	0.998738999649108
ID.14.73137710.T.C	ENSPTRG00000006606	-0.0434224408902502	-0.229890359234788	0.820047583540167	0.999599163764544	0.998738999649108
ID.11.44187000.G.A	ENSPTRG00000003522	0.0320243538643622	0.22661604993814	0.822565053100594	0.999599163764544	0.998738999649108
ID.15.81558683.A.G	ENSPTRG00000007500	-0.0710070779158797	-0.224694072817616	0.824043680147951	0.999599163764544	0.998738999649108
ID.5.146133375.G.A	ENSPTRG00000017372	0.0410061174977293	0.223577638305258	0.824902887006778	0.999599163764544	0.998738999649108
ID.6.1352322.T.C	ENSPTRG00000017663	0.046654414849523	0.222274395203189	0.825906143113924	0.999599163764544	0.998738999649108
ID.16.1004696.A.G	ENSPTRG00000007554	-0.0555525225770711	-0.213970551036784	0.832305581934257	0.999599163764544	0.998738999649108
ID.11.44186506.G.A	ENSPTRG00000003522	0.0273283485453536	0.211139718915693	0.834489912600829	0.999599163764544	0.998738999649108
ID.8.72842612.T.C	ENSPTRG00000020339	0.0842664237958109	0.208664885584912	0.836400658342725	0.999599163764544	0.998738999649108
ID.11.44187000.G.A	ENSPTRG00000046726	-0.0640482094722522	-0.208112800740004	0.836827046949086	0.999599163764544	0.998738999649108
ID.16.1006365.G.A	ENSPTRG00000007552	0.0448555786683449	0.206778039574266	0.837858125481988	0.999599163764544	0.998738999649108
ID.5.39988512.T.C	ENSPTRG00000016998	-0.0795227237965286	-0.201825106026303	0.841686744174648	0.999599163764544	0.998738999649108
ID.3.66868841.A.G	ENSPTRG00000015083	0.0353325781144593	0.198219545288999	0.844476349318504	0.999599163764544	0.998738999649108
ID.11.135136848.C.T	ENSPTRG00000050904	-0.0269723910860911	-0.198088010381933	0.844578156621133	0.999599163764544	0.998738999649108
ID.1.151010613.G.A	ENSPTRG00000001689	-0.0652767728884956	-0.194251084852379	0.847549120956021	0.999599163764544	0.998738999649108
ID.4.17811037.A.G	ENSPTRG00000015936	-0.0201249676679229	-0.188940985759661	0.851664561700558	0.999599163764544	0.998738999649108
ID.4.17812457.TG.CA	ENSPTRG00000015936	-0.0201249676679229	-0.188940985759661	0.851664561700558	0.999599163764544	0.998738999649108
ID.4.17814733.TG.CA	ENSPTRG00000015936	-0.0201249676679229	-0.188940985759661	0.851664561700558	0.999599163764544	0.998738999649108
ID.11.135136443.T.C	ENSPTRG00000004493	0.0303228724882924	0.18800908128837	0.852387253476657	0.999599163764544	0.998738999649108
ID.16.72275267.C.T	ENSPTRG00000008384	0.0188479053829511	0.185184043494201	0.85457887088149	0.999599163764544	0.998738999649108
ID.9.74503476.T.C	ENSPTRG00000021155	0.0360727821675213	0.180993504926643	0.85783200974987	0.999599163764544	0.998738999649108
ID.3.66868640.G.A	ENSPTRG00000015083	0.0309260087876148	0.173656481333627	0.863533922170766	0.999599163764544	0.998738999649108
ID.2A.10382216.T.C	ENSPTRG00000042985	0.0542324484585547	0.172078296167597	0.864761394223244	0.999599163764544	0.998738999649108
ID.4.46772751.C.T	ENSPTRG00000016232	0.0411116824650903	0.170034031458283	0.866351885409612	0.999599163764544	0.998738999649108
ID.3.147413907.C.T	ENSPTRG00000015492	0.0533138673370867	0.168935046341725	0.867207162278716	0.999599163764544	0.998738999649108
ID.3.147416902.C.T	ENSPTRG00000015492	0.0533138673370867	0.168935046341725	0.867207162278716	0.999599163764544	0.998738999649108
ID.22.34058436.G.A	ENSPTRG00000014516	0.03201155531082	0.16554013272437	0.869850265521315	0.999599163764544	0.998738999649108
ID.10.11927102.T.C	ENSPTRG00000002288	0.0288441379794606	0.157371051982043	0.876216553982665	0.999599163764544	0.998738999649108
ID.10.11927233.A.G	ENSPTRG00000002288	0.0288441379794606	0.157371051982043	0.876216553982665	0.999599163764544	0.998738999649108
ID.16.19581413.G.A	ENSPTRG00000007838	0.0381309182326253	0.156980547153665	0.876521096826233	0.999599163764544	0.998738999649108
ID.20.16645668.C.T	ENSPTRG00000013271	-0.0348455153236236	-0.151854609707914	0.880520440418364	0.999599163764544	0.998738999649108
ID.3.184368287.G.A	ENSPTRG00000015652	0.0302650432661891	0.150960880044802	0.881218077786467	0.999599163764544	0.998738999649108
ID.3.184369538.A.G	ENSPTRG00000015652	0.0302650432661891	0.150960880044802	0.881218077786467	0.999599163764544	0.998738999649108
ID.14.70423936.A.G	ENSPTRG00000045540	-0.0384693114709104	-0.148668435835372	0.88300798504428	0.999599163764544	0.998738999649108
ID.5.8222843.TT.AC	ENSPTRG00000016721	-0.020952954374054	-0.1429660200335	0.8874630781435	0.999599163764544	0.998738999649108
ID.2B.131342774.G.A	ENSPTRG00000013102	-0.0230256266321584	-0.142636534893175	0.887720609873419	0.999599163764544	0.998738999649108
ID.4.75338855.G.A	ENSPTRG00000016071	0.0264251397443893	0.140333241741174	0.889521256446081	0.999599163764544	0.998738999649108
ID.2B.127745296.C.G	ENSPTRG00000013070	0.029171575422424	0.138327246642103	0.89108997736407	0.999599163764544	0.998738999649108
ID.4.73517553.A.G	ENSPTRG00000016090	-0.0438185594244034	-0.136361928427071	0.892627327093764	0.999599163764544	0.998738999649108
ID.4.73515891.G.A	ENSPTRG00000016090	-0.041705490093303	-0.131772225360379	0.896219231847283	0.999599163764544	0.998738999649108
ID.4.73515930.C.G	ENSPTRG00000016090	-0.041705490093303	-0.131772225360379	0.896219231847283	0.999599163764544	0.998738999649108
ID.4.73517488.T.C	ENSPTRG00000016090	-0.041705490093303	-0.131772225360379	0.896219231847283	0.999599163764544	0.998738999649108
ID.4.73517684.A.G	ENSPTRG00000016090	-0.041705490093303	-0.131772225360379	0.896219231847283	0.999599163764544	0.998738999649108
ID.5.128875253.A.G	ENSPTRG00000017202	-0.0265726638004937	-0.129912687750486	0.897675154462626	0.999599163764544	0.998738999649108
ID.8.135860825.T.C	ENSPTRG00000020603	0.0298233355454236	0.125781037066382	0.900911326179635	0.999599163764544	0.998738999649108
ID.16.72277068.C.T	ENSPTRG00000008384	0.0118348960789415	0.114654010418015	0.909635257846825	0.999599163764544	0.998738999649108
ID.14.70422907.T.C	ENSPTRG00000045540	-0.0276386543365261	-0.110672649979199	0.912759636752758	0.999599163764544	0.998738999649108
ID.6.90015029.G.T	ENSPTRG00000018400	0.0254128491686096	0.106130672595932	0.916325705680833	0.999599163764544	0.998738999649108
ID.20.5222328.G.A	ENSPTRG00000013222	-0.0119856103142606	-0.104331673857149	0.917738662335882	0.999599163764544	0.998738999649108
ID.7.44682083.AT.GC	ENSPTRG00000019158	-0.0442450225927773	-0.10312254892221	0.918688479768139	0.999599163764544	0.998738999649108
ID.19.15333284.C.T	ENSPTRG00000050521	0.0217920527152275	0.10153784352385	0.919933517329319	0.999599163764544	0.998738999649108
ID.20.64798320.C.T	ENSPTRG00000013725	0.0150525069453925	0.100040715340911	0.921109940478152	0.999599163764544	0.998738999649108
ID.12.22680118.G.A	ENSPTRG00000005189	-0.0414219523160058	-0.0938290494406556	0.92599291018312	0.999657840901737	0.998797626294093
ID.7.112696199.C.T	ENSPTRG00000019589	-0.036141126535295	-0.0884736860852807	0.930205126261412	0.999657840901737	0.998797626294093
ID.12.77859237.T.C	ENSPTRG00000005236	0.0292549646828743	0.0866895698012895	0.93160887498255	0.999686301651743	0.998826062553367
ID.20.16649111.G.A	ENSPTRG00000013269	0.0147615445894775	0.0859726873970613	0.9321729843167	0.999698174378465	0.9988379250635
ID.19.15331792.G.A	ENSPTRG00000050521	0.0297179068344912	0.0840387136688693	0.933694993053778	0.999730483661314	0.998870206543919
ID.19.9018705.T.C	ENSPTRG00000010427	0.0139179305517629	0.0807972362277555	0.936246561756193	0.999778597256305	0.998918278736727
ID.7.159375171.G.A	ENSPTRG00000054336	0.0397883951855661	0.073828669083149	0.941734271652234	0.99981413454253	0.998953785442795
ID.6.171876668.A.G	ENSPTRG00000033965	-0.0102596272724805	-0.0674796344104829	0.946736666503062	0.999828183317589	0.998967822128757
ID.19.9019925.C.T	ENSPTRG00000010425	0.0178734122395252	0.0667032670763023	0.947348522290908	0.999837723090626	0.998977353692733
ID.19.50244764.G.A	ENSPTRG00000011232	-0.00775825653240041	-0.0642854705087031	0.949254199275497	0.999876311505325	0.999015908901752
ID.7.47181672.C.T	ENSPTRG00000019174	-0.0177934403482863	-0.0575022588609796	0.954602249006297	0.999932657484053	0.999072206394256
ID.9.99980814.C.T	ENSPTRG00000021319	-0.00902825825526876	-0.0533001426915911	0.957916404573453	0.999942704349696	0.999082244614481
ID.3.184368287.G.A	ENSPTRG00000015653	-0.0128898454387699	-0.0524003221340078	0.958626184018922	0.999942704349696	0.999082244614481
ID.3.184369538.A.G	ENSPTRG00000015653	-0.0128898454387699	-0.0524003221340078	0.958626184018922	0.999942704349696	0.999082244614481
ID.10.46599360.T.C	ENSPTRG00000002452	0.00845968022463735	0.0502937767986916	0.960287964361545	0.999942704349696	0.999082244614481
ID.4.75335549.TG.CA	ENSPTRG00000016071	-0.00788920712951786	-0.0445337455009673	0.964832764906546	0.999942704349696	0.999082244614481
ID.9.74507314.A.G	ENSPTRG00000021155	0.011634266928961	0.0389761607184275	0.96921898144654	0.999942704349696	0.999082244614481
ID.16.72277068.C.T	ENSPTRG00000008382	0.00605390777756706	0.0387738268108303	0.969378689073739	0.999942704349696	0.999082244614481
ID.16.1004696.A.G	ENSPTRG00000007558	0.00887646186018072	0.0384379310275805	0.969643823576518	0.999942704349696	0.999082244614481
ID.4.17811037.A.G	ENSPTRG00000015938	0.00731170057065398	0.0335348448336604	0.973514393325154	0.999942704349696	0.999082244614481
ID.4.17812457.TG.CA	ENSPTRG00000015938	0.00731170057065398	0.0335348448336604	0.973514393325154	0.999942704349696	0.999082244614481
ID.4.17814733.TG.CA	ENSPTRG00000015938	0.00731170057065398	0.0335348448336604	0.973514393325154	0.999942704349696	0.999082244614481
ID.8.83648394.A.G	ENSPTRG00000045621	0.00586118578958943	0.0192157883443408	0.984821505980541	0.999942704349696	0.999082244614481
ID.10.124513512.A.G	ENSPTRG00000003010	-0.00202417508038536	-0.0143163372522262	0.988691245798437	0.999942704349696	0.999082244614481
ID.11.135136443.T.C	ENSPTRG00000050904	0.00218721774742209	0.013580107733151	0.989272769677091	0.999942704349696	0.999082244614481
ID.11.44186506.G.A	ENSPTRG00000003528	-0.00189367857589255	-0.00966670068662766	0.992363936875572	0.999942704349696	0.999082244614481
ID.4.17811037.A.G	ENSPTRG00000045116	0.000908095274571146	0.00437355565547964	0.996545131751818	0.999954887229059	0.999094417010366
ID.4.17812457.TG.CA	ENSPTRG00000045116	0.000908095274571146	0.00437355565547964	0.996545131751818	0.999954887229059	0.999094417010366
ID.4.17814733.TG.CA	ENSPTRG00000045116	0.000908095274571146	0.00437355565547964	0.996545131751818	0.999954887229059	0.999094417010366
ID.2B.104371218.C.T	ENSPTRG00000012885	-0.000616027469565959	-0.002517238399607	0.998011515803779	0.999963314612971	0.999102837142438
