sample	number of genotypes which pass the filter	number of non-reference genotypes	number of homozygous ref genotypes	number of homozygous alt genotypes	number of heterozygous genotypes	number of SNVs	number of indels	number of singletons	number of missing genotypes
Pan_troglodytes_ThisStudy-549	22374116	3798514	18575602	1447076	2351438	3012775	726267	54329	18437
Pan_troglodytes_ThisStudy-570	22369398	4275514	18093884	1399963	2875551	3441262	772127	59904	23155
Pan_troglodytes_ThisStudy-389	22376133	3798321	18577812	1473400	2324921	3001962	735445	20038	16420
Pan_troglodytes_ThisStudy-456	22370480	3793817	18576663	1404298	2389519	3010052	724455	64921	22073
Pan_troglodytes_ThisStudy-623	22373277	3674707	18698570	1298568	2376139	2902704	713624	4758	19276
Pan_troglodytes_ThisStudy-438	22371553	3805161	18566392	1396489	2408672	3018768	727127	64409	21000
Pan_troglodytes_ThisStudy-724	22375130	6105136	16269994	1463577	4641559	5111759	918374	1269	17423
Pan_troglodytes_ThisStudy-522	22371608	3842200	18529408	1437599	2404601	3052176	730439	57740	20945
Pan_troglodytes_ThisStudy-MD_And	22367935	3730049	18637886	1439502	2290547	2954769	716415	54551	24618
Pan_troglodytes_ThisStudy-338	22371860	3777940	18593920	1376995	2400945	2995054	723928	60449	20693
Pan_troglodytes_ThisStudy-476	22369630	3788949	18580681	1385653	2403296	3003533	726824	61767	22923
Pan_troglodytes_ThisStudy-495	22372824	7538094	14834730	1626228	5911866	6442760	1013814	206992	19729
Pan_troglodytes_ThisStudy-558	22371649	3822840	18548809	1393621	2429219	3031136	732229	27448	20904
Pan_troglodytes_ThisStudy-503	22373725	3806013	18567712	1423999	2382014	3006033	739017	5959	18828
Pan_troglodytes_ThisStudy-4x0430	22370415	5917406	16453009	1425055	4492351	4954613	891472	341679	22138
Pan_troglodytes_ThisStudy-317	22373105	3756070	18617035	1420191	2335879	2974252	722764	28905	19448
Pan_troglodytes_ThisStudy-676	22376570	4035486	18341084	1409457	2626029	3210635	762364	487	15983
Pan_troglodytes_ThisStudy-4x373	22370857	3850954	18519903	1391658	2459296	3049789	741312	32895	21696
Pan_troglodytes_ThisStudy-4X0333	22376965	3874426	18502539	1400839	2473587	3065308	747472	30576	15588
Pan_troglodytes_ThisStudy-4X0095	22378188	3801523	18576665	1476938	2324585	3006794	733550	52565	14365
Pan_troglodytes_ThisStudy-554	22376386	5458498	16917888	1584490	3874008	4529224	858649	328115	16167
Pan_troglodytes_ThisStudy-4x523	22372413	5460747	16911666	1518710	3942037	4538689	853344	508885	20140
Pan_troglodytes_ThisStudy-88A020	22370515	3844447	18526068	1401496	2442951	3051426	733681	64349	22038
Pan_troglodytes_ThisStudy-95A014	22373354	3791966	18581388	1436888	2355078	3008498	724210	64657	19199
Pan_troglodytes_ThisStudy-4x0043	22371055	3787403	18583652	1439669	2347734	3002025	726062	64596	21498
Pan_troglodytes_ThisStudy-529	22378753	4829859	17548894	1522485	3307374	3948300	814169	155561	13800
Pan_troglodytes_ThisStudy-4X0550	22379812	3801682	18578130	1432428	2369254	3008346	732586	55775	12741
Pan_troglodytes_ThisStudy-4X0267	22376342	3835033	18541309	1393037	2441996	3036572	737883	49140	16211
Pan_troglodytes_ThisStudy-4X0357	22380190	3865184	18515006	1394959	2470225	3056469	747238	41600	12363
Pan_troglodytes_ThisStudy-462	22369038	8406188	13962850	2418554	5987634	7254711	1063476	917052	23515
Pan_troglodytes_ThisStudy-554_2	22379648	3878926	18500722	1410452	2468474	3074012	743604	53659	12905
Pan_troglodytes_ThisStudy-4X0212	22374139	3860663	18513476	1394850	2465813	3060040	739810	56088	18414
Pan_troglodytes_ThisStudy-4x0025	22371550	3803292	18568258	1396686	2406606	3016770	727179	63449	21003
Pan_troglodytes_ThisStudy-4x0519	22374508	5103494	17271014	1522237	3581257	4213824	822803	373854	18045
Pan_troglodytes_ThisStudy-295	22372704	4642367	17730337	1492547	3149820	3783277	794407	125909	19849
Pan_troglodytes_ThisStudy-Little_R	22370266	3797497	18572769	1456711	2340786	3011933	726358	76844	22287
Pan_troglodytes_ThisStudy-537	22371946	3526918	18845028	1149913	2377005	2786124	684977	54601	20607
Pan_troglodytes_ThisStudy-4X0339	22379276	3705844	18673432	1568840	2137004	2921563	723206	31780	13277
Pan_troglodytes_ThisStudy-4X0354	22373317	9032461	13340856	3667265	5365196	7844049	1093215	2145041	19236