Sample	uniquely_mapped_percent	num_splices	num_GCAG_splices	insertion_length	deletion_length	unmapped_tooshort_percent	avg_mapped_read_length	deletion_rate	mismatch_rate	avg_input_read_length	num_ATAC_splices	num_annotated_splices	num_GTAG_splices	uniquely_mapped	multimapped_toomany	unmapped_mismatches	unmapped_mismatches_percent	total_reads	unmapped_other	insertion_rate	unmapped_other_percent	multimapped_percent	multimapped	num_noncanonical_splices	unmapped_tooshort	multimapped_toomany_percent
295	85.77	26555028.0	217552.0	1.36	1.59	1.45	74.79	0.01	0.27	75.0	16670.0	25702827.0	26276308.0	155290675.0	48149.0	0	0.0	181048443.0	36322	0.01	0.02	12.73	23039975.0	44498.0	2633322	0.03
317	82.74	12639750.0	97977.0	1.4	1.54	2.19	74.76	0.01	0.42	75.0	7897.0	12226971.0	12516829.0	68092789.0	26261.0	0	0.0	82295565.0	16459	0.01	0.02	15.02	12357795.0	17047.0	1802261	0.03
338	83.7	13933747.0	121061.0	1.28	1.6	1.93	74.76	0.01	0.4	75.0	8916.0	13427283.0	13783664.0	80065396.0	33330.0	0	0.0	95653867.0	19087	0.01	0.02	14.32	13694195.0	20106.0	1841859	0.03
389	86.35	16916943.0	145189.0	1.29	1.53	1.72	74.71	0.01	0.27	75.0	9663.0	16401901.0	16733460.0	99251068.0	37645.0	0	0.0	114935029.0	22921	0.01	0.02	11.88	13652215.0	28631.0	1971180	0.03
438	82.43	12604888.0	99409.0	1.26	1.51	1.18	74.79	0.01	0.38	75.0	7739.0	12223240.0	12478675.0	77548087.0	27375.0	0	0.0	94076207.0	18719	0.01	0.02	16.35	15377587.0	19065.0	1104439	0.03
456	84.28	16025471.0	131527.0	1.29	1.49	1.2	74.81	0.01	0.31	75.0	9322.0	15550816.0	15863294.0	88729841.0	28027.0	0	0.0	105273875.0	21034	0.01	0.02	14.47	15232911.0	21328.0	1262062	0.03
462	80.28	14075740.0	124726.0	1.39	1.74	3.15	74.81	0.01	0.73	75.0	8295.0	13658382.0	13923382.0	80249477.0	26050.0	0	0.0	99961092.0	20026	0.01	0.02	16.52	16511460.0	19337.0	3154079	0.03
476	83.23	28614720.0	236091.0	1.32	1.54	2.16	74.73	0.01	0.35	75.0	17366.0	27741604.0	28316845.0	167150504.0	66560.0	0	0.0	200827555.0	40256	0.01	0.02	14.55	29222603.0	44418.0	4347632	0.03
495	76.04	5939024.0	44157.0	1.38	1.64	1.49	74.7	0.01	1.0	75.0	4113.0	5688349.0	5869427.0	64625571.0	23806.0	0	0.0	84989351.0	17001	0.01	0.02	22.42	19056433.0	21327.0	1266540	0.03
4X0095	82.68	12695954.0	108098.0	1.31	1.54	2.56	74.69	0.01	0.39	75.0	7892.0	12281966.0	12553751.0	76172109.0	34571.0	0	0.0	92127078.0	27629	0.01	0.03	14.69	13535109.0	26213.0	2357660	0.04
4X0212	81.37	14972011.0	116027.0	1.57	1.49	1.94	74.67	0.01	0.48	75.0	9119.0	14509198.0	14818635.0	86680831.0	34488.0	0	0.0	106524074.0	21284	0.01	0.02	16.64	17722925.0	28230.0	2064546	0.03
4X0267	86.79	17320934.0	155231.0	1.36	1.59	1.89	74.77	0.01	0.28	75.0	11302.0	16761797.0	17124927.0	90912175.0	39502.0	0	0.0	104753269.0	20920	0.01	0.02	11.27	11803746.0	29474.0	1976926	0.04
4X0333	85.45	14531293.0	120261.0	1.38	1.62	2.05	74.7	0.01	0.34	75.0	9168.0	14021464.0	14368783.0	84475697.0	43356.0	0	0.0	98857344.0	29678	0.01	0.03	12.42	12280635.0	33081.0	2027978	0.04
4X0339	77.42	6965341.0	42255.0	1.4	1.52	1.81	74.69	0.0	0.52	75.0	3829.0	6703697.0	6889955.0	89072041.0	27254.0	0	0.0	115056191.0	22999	0.01	0.02	20.73	23852446.0	29302.0	2081451	0.02
4X0354	73.15	5025544.0	29154.0	1.57	1.85	1.8	74.67	0.01	1.01	75.0	2424.0	4812796.0	4974830.0	62234821.0	27120.0	0	0.0	85077253.0	17045	0.01	0.02	24.99	21264224.0	19136.0	1534043	0.03
4X0357	84.3	10127923.0	71984.0	1.46	1.57	1.62	74.72	0.01	0.25	75.0	5729.0	9778484.0	10024351.0	76891145.0	33827.0	0	0.0	91210996.0	27342	0.01	0.03	14.01	12782230.0	25859.0	1476452	0.04
4X0550	86.49	16477047.0	127762.0	1.44	1.52	1.69	74.72	0.01	0.25	75.0	10018.0	15978784.0	16309471.0	92172584.0	34876.0	0	0.0	106574175.0	21312	0.01	0.02	11.77	12544557.0	29796.0	1800846	0.03
4x0025	85.6	11898206.0	95366.0	1.27	1.59	2.86	74.81	0.01	0.25	75.0	7813.0	11545048.0	11779266.0	61517779.0	27662.0	0	0.0	71869316.0	14403	0.01	0.02	11.48	8249897.0	15761.0	2059575	0.04
4x0043	83.65	10742241.0	80314.0	1.26	1.54	4.06	74.79	0.0	0.33	75.0	6213.0	10378972.0	10642716.0	61060490.0	26864.0	0	0.0	72992515.0	14601	0.01	0.02	12.23	8926468.0	12998.0	2964092	0.04
4x0430	85.9	14466062.0	115180.0	1.3	1.47	1.27	74.77	0.01	0.36	75.0	9083.0	14011842.0	14321856.0	72465732.0	28140.0	0	0.0	84355913.0	16944	0.01	0.02	12.77	10769121.0	19943.0	1075976	0.03
4x0519	88.65	17342365.0	144369.0	1.28	1.69	1.6	74.8	0.01	0.19	75.0	11075.0	16792411.0	17164475.0	86726954.0	33859.0	0	0.0	97827754.0	19603	0.01	0.02	9.69	9479106.0	22446.0	1568232	0.03
4x373	84.07	6412970.0	47787.0	1.29	1.55	1.41	74.78	0.01	0.2	75.0	3860.0	6191680.0	6350606.0	38982068.0	15714.0	0	0.0	46369704.0	13908	0.01	0.03	14.46	6704324.0	10717.0	653690	0.03
4x523	85.9	18265521.0	143601.0	1.32	1.62	2.08	74.79	0.01	0.34	75.0	11128.0	17668713.0	18084982.0	91051740.0	34019.0	0	0.0	105998504.0	21200	0.01	0.02	11.97	12686720.0	25810.0	2204825	0.03
503	82.66	19681827.0	176240.0	1.45	1.53	1.21	74.8	0.0	0.38	75.0	11318.0	19074214.0	19464236.0	112158514.0	34488.0	0	0.0	135687349.0	26952	0.01	0.02	16.09	21836776.0	30033.0	1630619	0.03
522	87.68	15279299.0	127791.0	1.29	1.56	1.22	74.82	0.01	0.24	75.0	9128.0	14834266.0	15120428.0	86278045.0	25835.0	0	0.0	98397857.0	19645	0.01	0.02	11.05	10875966.0	21952.0	1198366	0.03
529	83.52	6989802.0	46188.0	1.37	1.58	2.04	74.7	0.01	0.22	75.0	3956.0	6702416.0	6916295.0	76604870.0	29455.0	0	0.0	91715073.0	18328	0.01	0.02	14.38	13193005.0	23363.0	1869415	0.03
537	74.0	4535955.0	29229.0	1.29	1.49	1.84	74.68	0.0	0.56	75.0	2728.0	4325011.0	4485702.0	90406549.0	30186.0	0	0.0	122169284.0	24425	0.01	0.02	24.11	29460989.0	18296.0	2247135	0.02
549	82.48	16555040.0	122463.0	1.25	1.57	1.27	74.8	0.01	0.37	75.0	9486.0	15985466.0	16399402.0	97939323.0	34495.0	0	0.0	118740010.0	23628	0.01	0.02	16.21	19242180.0	23689.0	1500384	0.03
554	85.63	13907231.0	132442.0	1.41	1.68	1.65	74.69	0.01	0.38	75.0	8595.0	13462251.0	13736908.0	80723780.0	33200.0	0	0.0	94267304.0	28263	0.01	0.03	12.65	11927596.0	29286.0	1554465	0.04
554_2	83.09	13204897.0	104387.0	1.38	1.61	2.1	74.69	0.01	0.37	75.0	8346.0	12749520.0	13062449.0	82572363.0	37562.0	0	0.0	99371455.0	29863	0.01	0.03	14.73	14641275.0	29715.0	2090392	0.04
558	74.93	4074632.0	26192.0	1.34	1.53	1.68	74.68	0.01	0.53	75.0	2301.0	3890569.0	4025848.0	66754185.0	23036.0	0	0.0	89088712.0	17787	0.01	0.02	23.35	20799638.0	20291.0	1494066	0.03
570	84.53	10478277.0	83973.0	1.29	1.58	1.57	74.79	0.01	0.32	75.0	6974.0	10101006.0	10369935.0	58213102.0	24801.0	0	0.0	68863602.0	13779	0.01	0.02	13.84	9530259.0	17395.0	1081661	0.04
59167	84.32	2859455.0	15778.0	1.13	1.17	0.8	74.8	0.01	0.22	75.0	1858.0	2833864.0	2836308.0	34541716.0	15572.0	0	0.0	40962813.0	8157	0.01	0.02	14.82	6071068.0	5511.0	326300	0.04
59263	91.57	12250828.0	84501.0	1.29	1.43	1.67	74.79	0.01	0.18	75.0	7820.0	12164537.0	12146631.0	47597109.0	15225.0	0	0.0	51980004.0	10407	0.01	0.02	6.71	3488301.0	11876.0	868962	0.03
59365	88.65	11252734.0	85984.0	1.27	1.43	0.72	74.8	0.01	0.17	75.0	7478.0	11154455.0	11147443.0	48184869.0	13845.0	0	0.0	54354440.0	10828	0.01	0.02	10.59	5755080.0	11829.0	389818	0.03
59511	89.39	6873238.0	36858.0	1.27	1.35	0.67	74.8	0.01	0.15	75.0	3349.0	6827514.0	6825271.0	38116613.0	19177.0	0	0.0	42640088.0	8462	0.01	0.02	9.88	4212344.0	7760.0	283492	0.04
61317	86.83	3524630.0	20299.0	1.23	1.24	1.0	74.81	0.01	0.17	75.0	1995.0	3490095.0	3496001.0	32431671.0	14789.0	0	0.0	37351598.0	7437	0.01	0.02	12.12	4525873.0	6335.0	371828	0.04
623	86.14	11915721.0	100200.0	1.28	1.53	1.61	74.65	0.01	0.27	75.0	6934.0	11504923.0	11782709.0	70677147.0	21512.0	0	0.0	82048166.0	16383	0.01	0.02	12.21	10014286.0	25878.0	1318838	0.03
62606	91.38	7359062.0	49057.0	1.28	1.37	1.25	74.66	0.01	0.23	75.0	4279.0	7304212.0	7295791.0	32293506.0	12742.0	0	0.0	35338041.0	3561	0.01	0.01	7.31	2583115.0	9935.0	445117	0.04
62765	90.45	9474817.0	71226.0	1.26	1.37	1.01	74.82	0.01	0.16	75.0	5112.0	9410687.0	9388093.0	41301068.0	9873.0	0	0.0	45663812.0	9123	0.01	0.02	8.5	3883043.0	10386.0	460705	0.02
62850	90.89	10157685.0	75754.0	1.27	1.3	0.76	74.83	0.01	0.19	75.0	5418.0	10096536.0	10067821.0	42699925.0	11826.0	0	0.0	46980952.0	9303	0.01	0.02	8.31	3906388.0	8692.0	353510	0.03
62905	88.64	7801380.0	49430.0	1.28	1.31	1.84	74.79	0.01	0.17	75.0	4429.0	7747719.0	7737676.0	37589825.0	13279.0	0	0.0	42407741.0	8495	0.01	0.02	9.47	4014570.0	9845.0	781572	0.03
63060	90.39	6695303.0	52978.0	1.28	1.39	0.78	74.82	0.01	0.16	75.0	3792.0	6647964.0	6631272.0	29860537.0	9514.0	0	0.0	33036386.0	6646	0.01	0.02	8.78	2900509.0	7261.0	259180	0.03
63145	89.46	8008794.0	54033.0	1.26	1.36	0.59	74.81	0.01	0.16	75.0	4220.0	7947601.0	7939668.0	41950667.0	12602.0	0	0.0	46891557.0	9365	0.01	0.02	9.9	4642659.0	10873.0	276264	0.03
676	84.35	12451264.0	97261.0	1.29	1.54	1.42	74.75	0.01	0.43	75.0	8741.0	11965930.0	12319709.0	89729069.0	38036.0	0	0.0	106370808.0	21302	0.01	0.02	14.17	15069945.0	25553.0	1512456	0.04
724	83.37	15170516.0	129909.0	1.44	1.6	1.7	74.7	0.01	0.38	75.0	10188.0	14667164.0	14999616.0	87489729.0	35273.0	0	0.0	104937230.0	20993	0.01	0.02	14.87	15606856.0	30803.0	1784379	0.03
88A020	85.71	14379541.0	114271.0	1.29	1.5	1.53	74.77	0.01	0.3	75.0	8226.0	13933943.0	14235771.0	83395882.0	28854.0	0	0.0	97294720.0	19463	0.01	0.02	12.71	12361584.0	21273.0	1488937	0.03
95A014	83.47	11167139.0	88062.0	1.28	1.54	1.22	74.79	0.01	0.37	75.0	7042.0	10839088.0	11057749.0	63311079.0	20367.0	0	0.0	75845177.0	15195	0.01	0.02	15.26	11571657.0	14286.0	926879	0.03
Little_R	70.08	4291326.0	40817.0	1.4	1.52	1.17	74.81	0.01	0.47	75.0	1846.0	4069449.0	4233411.0	61470290.0	25959.0	0	0.0	87709658.0	17561	0.01	0.02	28.7	25168524.0	15252.0	1027324	0.03
MD_And	84.43	11944990.0	83871.0	1.35	1.54	1.83	74.77	0.01	0.32	75.0	7320.0	11572660.0	11837568.0	71122205.0	27099.0	0	0.0	84236782.0	16903	0.01	0.02	13.68	11523933.0	16231.0	1546642	0.03
SRR1474730	84.78	3219413.0	20153.0	1.32	1.25	1.94	74.79	0.01	0.36	75.0	2111.0	3171785.0	3182194.0	41676101.0	18920.0	0	0.0	49159437.0	19644	0.0	0.04	13.21	6492047.0	14955.0	952725	0.04
SRR1477015	85.29	4500977.0	27914.0	1.24	1.35	2.08	74.75	0.01	0.45	75.0	2359.0	4456297.0	4458266.0	35977595.0	17127.0	0	0.0	42182583.0	12660	0.0	0.03	12.56	5297456.0	12438.0	877745	0.04
SRR1477033	86.86	7868526.0	71760.0	1.33	1.42	2.17	74.78	0.01	0.42	75.0	4255.0	7790137.0	7770613.0	48594535.0	18010.0	0	0.0	55945242.0	16809	0.0	0.03	10.9	6100015.0	21898.0	1215873	0.03
SRR1477569	89.72	6978456.0	60635.0	1.41	1.44	1.82	74.76	0.01	0.37	75.0	3667.0	6918463.0	6904363.0	31611727.0	17771.0	0	0.0	35235530.0	17650	0.0	0.05	8.36	2945940.0	9791.0	642442	0.05
SRR1478149	82.51	3491989.0	15067.0	1.38	1.21	1.99	74.76	0.01	0.34	75.0	1441.0	3461597.0	3469231.0	34429418.0	14709.0	0	0.0	41725107.0	12521	0.0	0.03	15.43	6437883.0	6250.0	830576	0.04
SRR1478189	88.59	6234199.0	57739.0	1.36	1.39	1.29	74.78	0.01	0.33	75.0	3390.0	6170228.0	6155036.0	34751989.0	12004.0	0	0.0	39227706.0	11766	0.0	0.03	10.06	3946001.0	18034.0	505946	0.03
SRR1478900	85.56	3552040.0	24380.0	1.34	1.36	1.45	74.79	0.01	0.31	75.0	1811.0	3512552.0	3515048.0	29638079.0	14085.0	0	0.0	34639275.0	17354	0.0	0.05	12.89	4466482.0	10801.0	503275	0.04
SRR1481012	88.31	13096575.0	89276.0	1.36	1.37	1.83	74.78	0.01	0.39	75.0	7800.0	12998444.0	12980327.0	69380923.0	28760.0	0	0.0	78567449.0	39290	0.0	0.05	9.78	7680447.0	19172.0	1438029	0.04
SRR1489693	84.02	5012841.0	30926.0	1.32	1.36	4.11	74.74	0.01	0.68	75.0	3182.0	4943807.0	4965950.0	48664628.0	34007.0	0	0.0	57923559.0	28965	0.0	0.05	11.77	6815073.0	12783.0	2380886	0.06
SRR1507229	76.79	1013727.0	6236.0	1.07	1.11	2.32	74.71	0.02	0.68	75.0	843.0	990385.0	997531.0	36112085.0	8204.0	0	0.0	47027844.0	4708	0.01	0.01	20.86	9810526.0	9117.0	1092321	0.02
SRR598148	71.71	6180859.0	41455.0	1.38	1.3	20.19	74.75	0.01	0.48	75.0	3835.0	6124154.0	6126276.0	38501452.0	26450.0	0	0.0	53693956.0	21473	0.0	0.04	8.02	4305989.0	9293.0	10838592	0.05
SRR598509	68.43	1393323.0	8878.0	1.29	1.28	18.25	74.8	0.01	0.4	75.0	966.0	1370636.0	1377332.0	30384970.0	16729.0	0	0.0	44403911.0	13325	0.0	0.03	13.25	5882979.0	6147.0	8105908	0.04
SRR598589	84.35	12392461.0	98131.0	1.31	1.44	6.49	74.74	0.01	0.68	75.0	6940.0	12296559.0	12268081.0	72807887.0	31084.0	0	0.0	86319331.0	34513	0.0	0.04	9.09	7846161.0	19309.0	5599686	0.04
SRR599025	59.06	8942320.0	79401.0	1.34	1.38	34.15	74.61	0.01	0.76	75.0	4935.0	8863082.0	8842830.0	53729264.0	23681.0	0	0.0	90974245.0	27289	0.0	0.03	6.74	6129847.0	15154.0	31064164	0.03
SRR599086	73.16	8349283.0	63932.0	1.33	1.39	18.93	74.73	0.01	0.65	75.0	4561.0	8270547.0	8266374.0	56096855.0	33670.0	0	0.0	76671783.0	38333	0.0	0.05	7.81	5990116.0	14416.0	14512809	0.04
SRR599249	73.21	11144532.0	100133.0	1.34	1.36	18.37	74.74	0.01	0.66	75.0	6226.0	11052832.0	11020724.0	61850833.0	25380.0	0	0.0	84489877.0	33799	0.0	0.04	8.35	7057664.0	17449.0	15522201	0.03
SRR599380	83.61	14229779.0	123710.0	1.34	1.4	7.02	74.73	0.01	0.66	75.0	8388.0	14112000.0	14073619.0	77057833.0	34775.0	0	0.0	92164493.0	46069	0.0	0.05	9.29	8557701.0	24062.0	6468115	0.04
SRR600474	82.1	7519653.0	69290.0	1.35	1.39	9.27	74.78	0.01	0.42	75.0	4108.0	7453279.0	7432620.0	40349303.0	21043.0	0	0.0	49145730.0	19671	0.0	0.04	8.54	4197010.0	13635.0	4558703	0.04
SRR600829	33.62	6709536.0	49257.0	1.33	1.32	63.1	74.56	0.01	0.86	75.0	3415.0	6653617.0	6646981.0	38678916.0	22224.0	0	0.0	115063553.0	69043	0.0	0.06	3.2	3683331.0	9883.0	72610039	0.02
SRR600852	85.75	7943990.0	67594.0	1.36	1.41	5.53	74.77	0.01	0.42	75.0	4135.0	7877140.0	7859422.0	41991778.0	21750.0	0	0.0	48968088.0	19577	0.0	0.04	8.64	4228502.0	12839.0	2706481	0.04
SRR600924	19.77	4993550.0	51130.0	1.36	1.34	78.08	74.44	0.01	0.95	75.0	2810.0	4949652.0	4932472.0	26739954.0	13687.0	0	0.0	135229002.0	121709	0.0	0.09	2.04	2763902.0	7138.0	105589750	0.01
SRR601239	86.14	8179632.0	77796.0	1.36	1.41	5.28	74.77	0.01	0.44	75.0	4518.0	8107510.0	8081657.0	41899261.0	21342.0	0	0.0	48642566.0	19456	0.0	0.04	8.5	4134348.0	15661.0	2568159	0.04
SRR601613	72.33	10952041.0	81995.0	1.33	1.42	21.04	74.73	0.01	0.68	75.0	6418.0	10871092.0	10849851.0	56668033.0	30581.0	0	0.0	78345618.0	31347	0.0	0.04	6.54	5127080.0	13777.0	16488577	0.04
SRR601645	83.34	10096390.0	89066.0	1.37	1.36	7.82	74.76	0.01	0.49	75.0	5524.0	10023400.0	9987675.0	51168783.0	19459.0	0	0.0	61395574.0	18420	0.0	0.03	8.78	5387495.0	14125.0	4801417	0.03
SRR601868	70.29	8601902.0	77739.0	1.31	1.34	20.37	74.73	0.01	0.66	75.0	4600.0	8529463.0	8503821.0	52905789.0	24533.0	0	0.0	75268178.0	30109	0.0	0.04	9.27	6974689.0	15742.0	15333058	0.03
SRR601986	78.63	5068831.0	34180.0	1.36	1.34	10.72	74.77	0.01	0.49	75.0	2773.0	5018479.0	5022969.0	41362793.0	23630.0	0	0.0	52607684.0	21050	0.0	0.04	10.57	5558795.0	8909.0	5641416	0.04
SRR602106	81.72	7284825.0	61563.0	1.37	1.36	5.68	74.77	0.01	0.57	75.0	4018.0	7215116.0	7206798.0	53175784.0	30887.0	0	0.0	65071994.0	32487	0.0	0.05	12.51	8142282.0	12446.0	3690554	0.05
SRR602437	58.47	6345068.0	53467.0	1.37	1.4	36.19	74.76	0.01	0.53	75.0	3724.0	6289986.0	6278653.0	32531016.0	18262.0	0	0.0	55634540.0	16691	0.0	0.03	5.27	2934119.0	9224.0	20134452	0.03
SRR602461	31.98	7513507.0	73206.0	1.38	1.39	65.25	74.51	0.01	0.77	75.0	4075.0	7453153.0	7424284.0	36246381.0	17965.0	0	0.0	113338384.0	68008	0.0	0.06	2.69	3047129.0	11942.0	73958901	0.02
SRR603449	84.23	8680934.0	72653.0	1.33	1.25	4.41	74.76	0.01	0.58	75.0	4913.0	8608481.0	8588589.0	52070167.0	23591.0	0	0.0	61817625.0	24719	0.0	0.04	11.28	6973924.0	14779.0	2725224	0.04
SRR603918	83.7	9726755.0	66497.0	1.43	1.52	9.58	74.76	0.01	0.45	75.0	7880.0	9651622.0	9641238.0	41385038.0	25927.0	0	0.0	49442771.0	19792	0.0	0.04	6.62	3271853.0	11140.0	4740161	0.05
SRR603968	55.15	3147580.0	17821.0	1.28	1.22	36.01	74.63	0.01	0.77	75.0	2101.0	3108080.0	3119063.0	52377157.0	21506.0	0	0.0	94971613.0	28485	0.0	0.03	8.79	8352420.0	8595.0	34192045	0.02
SRR604122	80.83	7811407.0	67592.0	1.37	1.41	11.39	74.78	0.01	0.41	75.0	5338.0	7751516.0	7727597.0	39450541.0	18720.0	0	0.0	48805844.0	19510	0.0	0.04	7.71	3761690.0	10880.0	5555383	0.04
SRR604174	82.82	13106289.0	82536.0	1.37	1.42	9.07	74.72	0.01	0.69	75.0	8497.0	12999238.0	12997609.0	78525367.0	50531.0	0	0.0	94820015.0	47434	0.0	0.05	8.01	7592186.0	17647.0	8604497	0.05
SRR604206	58.08	5129063.0	40871.0	1.35	1.42	36.25	74.78	0.01	0.48	75.0	3055.0	5087344.0	5077126.0	28529598.0	14133.0	0	0.0	49122118.0	14738	0.0	0.03	5.61	2755440.0	8011.0	17808209	0.03
SRR604230	81.16	12171625.0	101355.0	1.36	1.4	10.15	74.74	0.01	0.68	75.0	7877.0	12074890.0	12044602.0	63618798.0	29383.0	0	0.0	78388825.0	31372	0.0	0.04	8.61	6748727.0	17791.0	7960545	0.04
SRR606939	84.87	14824800.0	132803.0	1.36	1.42	5.79	74.73	0.01	0.7	75.0	8142.0	14704819.0	14661452.0	80587655.0	40755.0	0	0.0	94953765.0	47448	0.0	0.05	9.25	8783396.0	22403.0	5494511	0.04
SRR607252	78.46	8009902.0	66027.0	1.34	1.39	15.06	74.77	0.01	0.4	75.0	4647.0	7952595.0	7929277.0	36564822.0	16443.0	0	0.0	46604485.0	13989	0.0	0.03	6.41	2986947.0	9951.0	7022284	0.04
SRR607313	85.98	11334967.0	105590.0	1.23	1.42	6.02	74.77	0.01	0.51	75.0	5990.0	11252197.0	11208622.0	52611016.0	25651.0	0	0.0	61189969.0	24462	0.0	0.04	7.92	4847382.0	14765.0	3681458	0.04
SRR607970	21.05	6917239.0	67990.0	1.36	1.37	76.51	74.44	0.01	0.98	75.0	3727.0	6858594.0	6834003.0	37273184.0	16687.0	0	0.0	177049043.0	159328	0.0	0.09	2.35	4153654.0	11519.0	135446190	0.01
SRR608096	78.03	7901233.0	45426.0	1.36	1.39	14.82	74.73	0.01	0.55	75.0	4414.0	7827134.0	7836040.0	45636052.0	33754.0	0	0.0	58482196.0	29231	0.0	0.05	7.04	4118966.0	15353.0	8664193	0.06
SRR608480	13.94	4724090.0	41113.0	1.38	1.34	84.5	74.41	0.01	0.97	75.0	2735.0	4686943.0	4673438.0	23949665.0	9949.0	0	0.0	171814525.0	137452	0.0	0.08	1.47	2533686.0	6804.0	145183773	0.01
SRR612335	79.5	9761644.0	76784.0	1.38	1.44	14.02	74.61	0.01	0.55	75.0	6453.0	9687840.0	9667374.0	44059888.0	28471.0	0	0.0	55418848.0	22165	0.0	0.04	6.39	3539575.0	11033.0	7768749	0.05
SRR612719	11.7	765397.0	5488.0	1.32	1.39	86.86	74.57	0.01	0.68	75.0	393.0	757129.0	758365.0	4822708.0	3170.0	0	0.0	41223773.0	4123	0.0	0.01	1.42	583967.0	1151.0	35809805	0.01
SRR612875	68.05	6284291.0	51611.0	1.48	1.42	25.94	74.26	0.01	0.97	75.0	4022.0	6225624.0	6220036.0	33412297.0	25008.0	0	0.0	49096128.0	14731	0.0	0.03	5.92	2906311.0	8622.0	12737781	0.05
SRR613186	79.88	2120299.0	11064.0	1.49	1.18	7.13	74.77	0.01	0.32	75.0	1176.0	2091799.0	2101888.0	34838229.0	21427.0	0	0.0	43612876.0	13085	0.0	0.03	12.91	5630245.0	6171.0	3109890	0.05
SRR614683	80.06	6444983.0	60893.0	1.41	1.41	12.32	74.77	0.01	0.28	75.0	3498.0	6390308.0	6371137.0	34558231.0	23954.0	0	0.0	43163039.0	25894	0.0	0.06	7.5	3238106.0	9455.0	5316854	0.06
SRR614996	61.23	5316154.0	40710.0	1.35	1.36	32.5	74.76	0.01	0.4	75.0	2805.0	5269375.0	5265099.0	30051515.0	30077.0	0	0.0	49082099.0	19629	0.0	0.04	6.18	3032437.0	7540.0	15948441	0.06
SRR615970	52.42	2032000.0	11811.0	1.28	1.28	37.25	74.61	0.01	0.68	75.0	1310.0	2005377.0	2013958.0	33467127.0	16239.0	0	0.0	63846804.0	19152	0.0	0.03	10.28	6563909.0	4921.0	23780377	0.03
